1.0 
1000 2 3 3
-2.29487557e-02 8.02483930e-03 -6.77863139e-03 -2.62628408e+00 -2.43699847e-01 -5.21433184e-01
-1.34936066e-02 0.00000000e+00 -5.03424860e-03 -1.81644704e+00 -7.78477302e-01 -3.87249892e-01
-2.01031018e-02 8.02483930e-03 -2.02466135e-03 -2.24321528e+00 -7.95275045e-02 -1.55743181e-01
-1.69454025e-02 6.68990791e-03 -1.41832068e-03 -1.89515565e+00 -7.70548477e-02 -1.09101591e-01
-1.95988674e-02 8.40355999e-03 -2.97618228e-04 -2.15348830e+00 5.44573259e-04 -2.28937098e-02
-1.63095076e-02 6.68990791e-03 -6.43692351e-04 -1.80955441e+00 -4.03686043e-02 -4.95147962e-02
-1.93266010e-02 8.40355999e-03 -5.44662874e-04 -2.11683706e+00 1.62522483e-02 -4.18971441e-02
-1.60014055e-02 6.65511366e-03 -2.09071059e-04 -1.77008649e+00 -2.72773244e-02 -1.60823892e-02
-1.90150367e-02 8.24156860e-03 -3.94034131e-05 -2.08424136e+00 1.24205817e-02 -3.03103178e-03
-1.56512456e-02 6.65511366e-03 -5.40009695e-04 -1.72294958e+00 -7.07579010e-03 -4.15392073e-02
-1.88171954e-02 8.24156860e-03 -5.72636643e-04 -2.05760889e+00 2.38344984e-02 -4.40489725e-02
-1.52002581e-02 6.35191922e-03 -1.96817791e-04 -1.67973172e+00 -2.18719200e-02 -1.51398301e-02
-1.84084171e-02 7.96086418e-03 -1.53457043e-04 -2.01877552e+00 9.63072841e-03 -1.18043879e-02
-1.49360395e-02 6.35191922e-03 -6.95610610e-04 -1.64416382e+00 -6.62853556e-03 -5.35085085e-02
-1.81455257e-02 7.96086418e-03 -6.59821898e-04 -1.98338629e+00 2.47975430e-02 -5.07555306e-02
-1.44987011e-02 6.05153216e-03 -2.84493420e-04 -1.60262137e+00 -2.18341964e-02 -2.18841092e-02
-1.76590491e-02 7.62183015e-03 -2.29720648e-04 -1.93745872e+00 7.22430200e-03 -1.76708191e-02
-1.42486615e-02 6.05153216e-03 -7.70966776e-04 -1.56896219e+00 -7.40883340e-03 -5.93051366e-02
-1.73597486e-02 7.62183015e-03 -6.96193023e-04 -1.89716827e+00 2.44916383e-02 -5.35533095e-02
-1.38172606e-02 5.75949957e-03 -3.38342432e-04 -1.52773703e+00 -2.18324023e-02 -2.60263410e-02
-1.68392294e-02 7.25973371e-03 -2.66633742e-04 -1.84798855e+00 5.77784201e-03 -2.05102879e-02
-1.35666445e-02 5.75949957e-03 -7.91855157e-04 -1.49400025e+00 -7.37377850e-03 -6.09119351e-02
-1.65259972e-02 7.25973371e-03 -7.02379038e-04 -1.80582267e+00 2.38489323e-02 -5.40291567e-02
-1.31360698e-02 5.47055160e-03 -3.66175050e-04 -1.45270834e+00 -2.14297740e-02 -2.81673115e-02
-1.59935888e-02 6.88999083e-03 -2.86099433e-04 -1.75548364e+00 4.79171653e-03 -2.20076487e-02
-1.28837612e-02 5.47055160e-03 -7.90664725e-04 -1.41874372e+00 -6.87350782e-03 -6.08203634e-02
-1.56759363e-02 6.88999083e-03 -6.96587967e-04 -1.71272272e+00 2.31178244e-02 -5.35836897e-02
-1.24529895e-02 5.18244963e-03 -3.82681387e-04 -1.37737649e+00 -2.08042520e-02 -2.94370297e-02
-1.51400100e-02 6.51808738e-03 -2.99477177e-04 -1.66203476e+00 3.97272507e-03 -2.30367059e-02
-1.21997750e-02 5.18244963e-03 -7.82177121e-04 -1.34328992e+00 -6.19572224e-03 -6.01674708e-02
-1.48211707e-02 6.51808738e-03 -6.86881541e-04 -1.61911409e+00 2.23672993e-02 -5.28370416e-02
-1.17688052e-02 4.89452720e-03 -3.95240907e-04 -1.30188567e+00 -2.00908718e-02 -3.04031467e-02
-1.42843757e-02 6.14568310e-03 -3.11055478e-04 -1.56833809e+00 3.20489547e-03 -2.39273444e-02
-1.15152369e-02 4.89452720e-03 -7.71640886e-04 -1.26775148e+00 -5.46193186e-03 -5.93569913e-02
-1.39652823e-02 6.14568310e-03 -6.76089226e-04 -1.52538321e+00 2.16141275e-02 -5.20068635e-02
-1.10841728e-02 4.60662588e-03 -4.06634791e-04 -1.22633331e+00 -1.93487935e-02 -3.12795993e-02
-1.34283287e-02 5.77320008e-03 -3.22189423e-04 -1.47459039e+00 2.45027873e-03 -2.47838018e-02
-1.08304895e-02 4.60662588e-03 -7.60633501e-04 -1.19218364e+00 -4.71322096e-03 -5.85102693e-02
-1.31092040e-02 5.77320008e-03 -6.65052227e-04 -1.43163130e+00 2.08613187e-02 -5.11578636e-02
-1.03993905e-02 4.31871941e-03 -4.17741653e-04 -1.15076106e+00 -1.85987611e-02 -3.21339733e-02
-1.25722430e-02 5.40072016e-03 -3.33242015e-04 -1.38083732e+00 1.69830869e-03 -2.56340012e-02
-1.01456755e-02 4.31871941e-03 -7.49553301e-04 -1.11660712e+00 -3.96135911e-03 -5.76579463e-02
-1.22531248e-02 5.40072016e-03 -6.53979658e-04 -1.33787910e+00 2.01089761e-02 -5.03061275e-02
-9.71456560e-03 4.03080800e-03 -4.28796447e-04 -1.07518337e+00 -1.78469387e-02 -3.29843421e-02
-1.17161749e-02 5.02824956e-03 -3.44290815e-04 -1.28708606e+00 9.46583889e-04 -2.64839089e-02
-9.46084352e-03 4.03080800e-03 -7.38476760e-04 -1.04102847e+00 -3.20912676e-03 -5.68059047e-02
-1.13970632e-02 5.02824956e-03 -6.42910370e-04 -1.24412873e+00 1.93568692e-02 -4.94546439e-02
-9.02973071e-03 3.74289425e-03 -4.39849182e-04 -9.99604466e-01 -1.70948534e-02 -3.38345525e-02
-1.08601201e-02 4.65578384e-03 -3.55345505e-04 -1.19333633e+00 1.94743831e-04 -2.73342696e-02
-8.77600757e-03 3.74289425e-03 -7.27409546e-04 -9.65449428e-01 -2.45697992e-03 -5.59545804e-02
-1.05410113e-02 4.65578384e-03 -6.31846754e-04 -1.15037938e+00 1.86048627e-02 -4.86035964e-02
-8.34489416e-03 3.45497971e-03 -4.50906200e-04 -9.24025384e-01 -1.63427790e-02 -3.46850923e-02
-1.00040703e-02 4.28331955e-03 -3.66404650e-04 -1.09958718e+00 -5.57191704e-04 -2.81849731e-02
-8.09117101e-03 3.45497971e-03 -7.16347984e-04 -8.89870345e-01 -1.70490484e-03 -5.51036911e-02
-9.68496170e-03 4.28331955e-03 -6.20787089e-04 -1.05663026e+00 1.78529175e-02 -4.77528530e-02
-7.66005761e-03 3.16706514e-03 -4.61967181e-04 -8.48446304e-01 -1.55907087e-02 -3.55359370e-02
-9.14801914e-03 3.91085421e-03 -3.77467504e-04 -1.00583791e+00 -1.30919170e-03 -2.90359618e-02
-7.40633458e-03 3.16706514e-03 -7.05290202e-04 -8.14291282e-01 -9.52842143e-04 -5.42530925e-02
-8.82890828e-03 3.91085421e-03 -6.09731325e-04 -9.62880680e-01 1.71010497e-02 -4.69024096e-02
-6.97522178e-03 2.87915124e-03 -4.73033092e-04 -7.72867284e-01 -1.48385898e-02 -3.63871609e-02
-8.29196036e-03 3.53838492e-03 -3.88534813e-04 -9.12087842e-01 -2.06128113e-03 -2.98872933e-02
-6.72149993e-03 2.87915124e-03 -6.94235631e-04 -7.38712418e-01 -2.00790407e-04 -5.34027409e-02
-7.97284442e-03 3.53838492e-03 -5.98679759e-04 -8.69129927e-01 1.63492538e-02 -4.60522891e-02
-6.29038978e-03 2.59123929e-03 -4.84106068e-04 -6.97288665e-01 -1.40864295e-02 -3.72389283e-02
-7.43588891e-03 3.16590876e-03 -3.99602781e-04 -8.18336463e-01 -2.81356494e-03 -3.07386755e-02
-6.03667469e-03 2.59123929e-03 -6.83177015e-04 -6.63134711e-01 5.50979436e-04 -5.25520780e-02
-7.11676984e-03 3.16590876e-03 -5.87621471e-04 -7.75378127e-01 1.55971506e-02 -4.52016516e-02
-5.60557429e-03 2.30333128e-03 -4.95178159e-04 -6.21712042e-01 -1.33346905e-02 -3.80906277e-02
-6.57982752e-03 2.79343433e-03 -4.10632912e-04 -7.24586340e-01 -3.56619724e-03 -3.15871471e-02
-5.35188804e-03 2.30333128e-03 -6.72066395e-04 -5.87561969e-01 1.30105493e-03 -5.16974150e-02
-6.26074360e-03 2.79343433e-03 -5.76482619e-04 -6.81632734e-01 1.48424908e-02 -4.43448169e-02
-4.92081831e-03 2.01542657e-03 -5.06174614e-04 -5.46143239e-01 -1.25859406e-02 -3.89365088e-02
-5.72395919e-03 2.42104203e-03 -4.21432844e-04 -6.30857467e-01 -4.31891130e-03 -3.24179111e-02
-4.66723361e-03 2.01542657e-03 -6.60690305e-04 -5.12006838e-01 2.04394563e-03 -5.08223312e-02
-5.40511656e-03 2.42104203e-03 -5.64936245e-04 -5.87936342e-01 1.40758563e-02 -4.34566342e-02
-4.23624632e-03 1.72750160e-03 -5.16732312e-04 -4.70600374e-01 -1.18505335e-02 -3.97486394e-02
-4.86913324e-03 2.04912019e-03 -4.31260019e-04 -5.37241772e-01 -5.06843041e-03 -3.31738476e-02
-3.98296677e-03 1.72750160e-03 -6.48278119e-04 -4.36505050e-01 2.76174830e-03 -4.98675476e-02
-4.55135660e-03 2.04912019e-03 -5.51811304e-04 -4.94464147e-01 1.32648372e-02 -4.24470233e-02
-3.55215870e-03 1.43942950e-03 -5.25475147e-04 -3.95131201e-01 -1.11628777e-02 -4.04211652e-02
-4.01848742e-03 1.67914125e-03 -4.37714799e-04 -4.44076696e-01 -5.79756770e-03 -3.36703692e-02
-3.29964296e-03 1.43942950e-03 -6.32477374e-04 -3.61138697e-01 3.40533811e-03 -4.86521057e-02
-3.70451400e-03 1.67914125e-03 -5.33590900e-04 -4.01811044e-01 1.23162832e-02 -4.10454538e-02
-2.86909654e-03 1.15074591e-03 -5.28047327e-04 -3.19835347e-01 -1.06166974e-02 -4.06190252e-02
-3.18177490e-03 1.31581871e-03 -4.34369349e-04 -3.52403234e-01 -6.43449447e-03 -3.34130269e-02
-2.61798475e-03 1.15074591e-03 -6.07392095e-04 -2.86031837e-01 3.87052129e-03 -4.67224689e-02
-2.87912700e-03 1.31581871e-03 -5.01899821e-04 -3.11662170e-01 1.10259613e-02 -3.86076786e-02
-2.18750825e-03 8.60337792e-04 -5.13253235e-04 -2.44837392e-01 -1.03876963e-02 -3.94810181e-02
-2.38381614e-03 9.71858304e-04 -4.08852301e-04 -2.64829579e-01 -6.70077509e-03 -3.14501770e-02
-1.93705900e-03 8.60337792e-04 -5.63005168e-04 -2.11123070e-01 4.06129895e-03 -4.33080898e-02
-2.10738884e-03 9.71858304e-04 -4.46301045e-04 -2.27618211e-01 9.24695405e-03 -3.43308496e-02
-1.50710662e-03 5.68925363e-04 -4.62875910e-04 -1.70057120e-01 -1.03623521e-02 -3.56058393e-02
-1.66678921e-03 6.74063522e-04 -3.61355678e-04 -1.85487190e-01 -5.42159552e-03 -2.77965906e-02
-1.24798748e-03 5.68925363e-04 -5.05335827e-04 -1.35175698e-01 4.58682857e-03 -3.88719867e-02
-1.41591367e-03 6.74063522e-04 -4.14750917e-04 -1.51715483e-01 9.05199313e-03 -3.19039167e-02
-8.43128255e-04 3.13662813e-04 -4.09286787e-04 -9.54021028e-02 -6.41817450e-03 -3.14835990e-02
-9.99374719e-04 4.67109132e-04 -4.81685569e-04 -1.07582608e-01 5.22384164e-03 -3.70527361e-02
-5.41748295e-04 3.13662813e-04 -6.04929501e-04 -5.48317236e-02 1.09691309e-02 -4.65330386e-02
-5.01823746e-04 4.67109132e-04 -1.05753423e-03 -4.06045928e-02 3.39287055e-02 -8.13487866e-02
-5.09628691e-04 6.12848280e-04 -9.33132945e-04 -3.32472308e-02 5.30971517e-02 -7.17794573e-02
-1.34936066e-02 0.00000000e+00 -5.03424860e-03 -1.81644704e+00 -7.78477302e-01 -3.87249892e-01
-1.05297481e-02 2.03499564e-03 -1.55893806e-03 -1.30006250e+00 -3.33543748e-01 -1.19918312e-01
-1.69454025e-02 6.29866153e-03 -3.38552012e-03 -1.91772756e+00 -1.29722631e-01 -2.60424625e-01
-1.07739627e-02 2.03499564e-03 -3.10802985e-03 -1.33293754e+00 -3.47633050e-01 -2.39079219e-01
-1.63095076e-02 6.29866153e-03 -2.61089179e-03 -1.83212632e+00 -9.30363875e-02 -2.00837830e-01
-1.21822325e-02 4.79115759e-03 -1.60861026e-03 -1.36350298e+00 -5.78575864e-02 -1.23739251e-01
-1.60014055e-02 6.82226291e-03 -1.29232307e-03 -1.76044326e+00 -4.77646345e-03 -9.94094669e-02
-1.19515122e-02 4.79115759e-03 -1.78802824e-03 -1.33244448e+00 -4.45467985e-02 -1.37540633e-01
-1.56512456e-02 6.82226291e-03 -1.62326171e-03 -1.71330635e+00 1.54250709e-02 -1.24866285e-01
-1.18200859e-02 4.90863574e-03 -1.14745399e-03 -1.30797489e+00 -2.11501473e-02 -8.82656913e-02
-1.52002581e-02 6.60384764e-03 -1.01420258e-03 -1.66519738e+00 1.20415209e-02 -7.80155831e-02
-1.15806981e-02 4.90863574e-03 -1.56336517e-03 -1.27574960e+00 -7.33930730e-03 -1.20258859e-01
-1.49360395e-02 6.60384764e-03 -1.51299540e-03 -1.62962949e+00 2.72849053e-02 -1.16384262e-01
-1.12248703e-02 4.67443854e-03 -1.11901391e-03 -1.24136108e+00 -1.83373284e-02 -8.60779930e-02
-1.44987011e-02 6.29723831e-03 -1.05801405e-03 -1.58844602e+00 1.12416314e-02 -8.13856959e-02
-1.10131265e-02 4.67443854e-03 -1.59538693e-03 -1.21285711e+00 -6.12133798e-03 -1.22722071e-01
-1.42486615e-02 6.29723831e-03 -1.54448740e-03 -1.55478684e+00 2.56669944e-02 -1.18806723e-01
-1.06568258e-02 4.42464404e-03 -1.16779345e-03 -1.17930478e+00 -1.91917142e-02 -8.98302651e-02
-1.38172606e-02 5.98855809e-03 -1.11364658e-03 -1.51452212e+00 9.00239797e-03 -8.56651213e-02
-1.04593736e-02 4.42464404e-03 -1.63083658e-03 -1.15272467e+00 -7.80023752e-03 -1.25448968e-01
-1.35666445e-02 5.98855809e-03 -1.56715930e-03 -1.48078533e+00 2.34610218e-02 -1.20550715e-01
-1.01208742e-02 4.19267600e-03 -1.20528779e-03 -1.12054022e+00 -1.94978984e-02 -9.27144456e-02
-1.31360698e-02 5.68495126e-03 -1.14671500e-03 -1.44033913e+00 7.43171902e-03 -8.82088464e-02
-9.92858351e-03 4.19267600e-03 -1.64214581e-03 -1.09465493e+00 -8.40420272e-03 -1.26318908e-01
-1.28837612e-02 5.68495126e-03 -1.57120468e-03 -1.40637451e+00 2.19879852e-02 -1.20861898e-01
-9.59984925e-03 3.97165128e-03 -1.22790110e-03 -1.06315367e+00 -1.91920924e-02 -9.44539305e-02
-1.24529895e-02 5.38422545e-03 -1.16602383e-03 -1.36573558e+00 6.35787705e-03 -8.96941409e-02
-9.40908118e-03 3.97165128e-03 -1.63936744e-03 -1.03747335e+00 -8.18624255e-03 -1.26105188e-01
-1.21997750e-02 5.38422545e-03 -1.56551957e-03 -1.33164901e+00 2.09664069e-02 -1.20424582e-01
-9.08415852e-03 3.75508871e-03 -1.24302778e-03 -1.00622776e+00 -1.85933571e-02 -9.56175214e-02
-1.17688052e-02 5.08463790e-03 -1.17967779e-03 -1.29091775e+00 5.50095301e-03 -9.07444453e-02
-8.89375598e-03 3.75508871e-03 -1.63088470e-03 -9.80596649e-01 -7.60859528e-03 -1.25452669e-01
-1.15152369e-02 5.08463790e-03 -1.55607777e-03 -1.25678356e+00 2.01298929e-02 -1.19698290e-01
-8.57006579e-03 3.54001673e-03 -1.25530250e-03 -9.49430968e-01 -1.78861589e-02 -9.65617306e-02
-1.10841728e-02 4.78542222e-03 -1.19142733e-03 -1.21601813e+00 4.71994581e-03 -9.16482559e-02
-8.37972436e-03 3.54001673e-03 -1.62050105e-03 -9.23808083e-01 -6.90492253e-03 -1.24653927e-01
-1.08304895e-02 4.78542222e-03 -1.54542604e-03 -1.18186846e+00 1.93555183e-02 -1.18878926e-01
-8.05637137e-03 3.32536721e-03 -1.26666632e-03 -8.92663422e-01 -1.71450701e-02 -9.74358709e-02
-1.03993905e-02 4.48630960e-03 -1.20263229e-03 -1.14109240e+00 3.96145679e-03 -9.25101764e-02
-7.86602947e-03 3.32536721e-03 -1.60957990e-03 -8.67040474e-01 -6.16380661e-03 -1.23813839e-01
-1.01456755e-02 4.48630960e-03 -1.53444394e-03 -1.10693846e+00 1.85988588e-02 -1.18034149e-01
-7.54275068e-03 3.11081592e-03 -1.27778344e-03 -8.35900135e-01 -1.63950118e-02 -9.82910336e-02
-9.71456560e-03 4.18722017e-03 -1.21370907e-03 -1.06615959e+00 3.20854687e-03 -9.33622358e-02
-7.35240259e-03 3.11081592e-03 -1.59853431e-03 -8.10276354e-01 -5.41339119e-03 -1.22964178e-01
-9.46084352e-03 4.18722017e-03 -1.52338938e-03 -1.03200469e+00 1.78463588e-02 -1.17183798e-01
-7.02913389e-03 2.89628029e-03 -1.28884712e-03 -7.79136469e-01 -1.56430705e-02 -9.91420860e-02
-9.02973071e-03 3.88813417e-03 -1.22476510e-03 -9.91225240e-01 2.45667385e-03 -9.42127000e-02
-6.83878232e-03 2.89628029e-03 -1.58746942e-03 -7.53512219e-01 -4.66124920e-03 -1.22113032e-01
-8.77600757e-03 3.88813417e-03 -1.51232546e-03 -9.57070202e-01 1.70945473e-02 -1.16332728e-01
-6.51551248e-03 2.68174443e-03 -1.29990429e-03 -7.22372194e-01 -1.48908925e-02 -9.99926378e-02
-8.34489416e-03 3.58904806e-03 -1.23582215e-03 -9.16290672e-01 1.70488309e-03 -9.50632427e-02
-6.32515962e-03 2.68174443e-03 -1.57640586e-03 -6.96747770e-01 -3.90899666e-03 -1.21261990e-01
-8.09117101e-03 3.58904806e-03 -1.50126394e-03 -8.82135632e-01 1.63427572e-02 -1.15481841e-01
-6.00188873e-03 2.46720757e-03 -1.31096367e-03 -6.65607662e-01 -1.41387151e-02 -1.00843360e-01
-7.66005761e-03 3.28996182e-03 -1.24688273e-03 -8.41356111e-01 9.53075741e-04 -9.59140561e-02
-5.81153581e-03 2.46720757e-03 -1.56534568e-03 -6.39983230e-01 -3.15681580e-03 -1.20411206e-01
-7.40633458e-03 3.28996182e-03 -1.49020575e-03 -8.07201089e-01 1.55909423e-02 -1.14631212e-01
-5.48826540e-03 2.25267107e-03 -1.32202613e-03 -6.08843165e-01 -1.33865141e-02 -1.01694317e-01
-6.97522178e-03 2.99087539e-03 -1.25794504e-03 -7.66421659e-01 2.01200183e-04 -9.67650029e-02
-5.29791354e-03 2.25267107e-03 -1.55428725e-03 -5.83218877e-01 -2.40467629e-03 -1.19560558e-01
-6.72149993e-03 2.99087539e-03 -1.47914758e-03 -7.32266794e-01 1.48389995e-02 -1.13780583e-01
-4.97464333e-03 2.03813379e-03 -1.33308882e-03 -5.52078883e-01 -1.26344896e-02 -1.02545294e-01
-6.29038978e-03 2.69178530e-03 -1.26899708e-03 -6.91487934e-01 -5.51389493e-04 -9.76151599e-02
-4.78429429e-03 2.03813379e-03 -1.54322157e-03 -5.26454975e-01 -1.65281473e-03 -1.18709352e-01
-6.03667469e-03 2.69178530e-03 -1.46806802e-03 -6.57333980e-01 1.40860195e-02 -1.12928310e-01
-4.46101302e-03 1.82358022e-03 -1.34413131e-03 -4.95314432e-01 -1.18841836e-02 -1.03394716e-01
-5.60557429e-03 2.39267333e-03 -1.27997997e-03 -6.16557693e-01 -1.30787600e-03 -9.84599976e-02
-4.27066851e-03 1.82358022e-03 -1.53210471e-03 -4.69691133e-01 -9.02769658e-04 -1.17854209e-01
-5.35188804e-03 2.39267333e-03 -1.45686820e-03 -5.82407620e-01 1.33278694e-02 -1.12066785e-01
-3.94731665e-03 1.60893449e-03 -1.35505645e-03 -4.38546406e-01 -1.11424712e-02 -1.04235112e-01
-4.92081831e-03 2.09346878e-03 -1.29066224e-03 -5.41640804e-01 -2.08025857e-03 -9.92817107e-02
-3.75696951e-03 1.60893449e-03 -1.52076269e-03 -4.12922752e-01 -1.60905387e-04 -1.16981745e-01
-4.66723361e-03 2.09346878e-03 -1.44517793e-03 -5.07504403e-01 1.25496276e-02 -1.11167533e-01
-3.43331231e-03 1.39390950e-03 -1.36549552e-03 -3.81758801e-01 -1.04340463e-02 -1.05038117e-01
-4.23624632e-03 1.79394227e-03 -1.30027595e-03 -4.66767259e-01 -2.90659771e-03 -1.00021227e-01
-3.24290307e-03 1.39390950e-03 -1.50861340e-03 -3.56126788e-01 5.51102272e-04 -1.16047184e-01
-3.98296677e-03 1.79394227e-03 -1.43182176e-03 -4.32671934e-01 1.17056841e-02 -1.10140135e-01
-2.91816602e-03 1.17759021e-03 -1.37426290e-03 -3.24892145e-01 -9.83397361e-03 -1.05712531e-01
-3.55215870e-03 1.49347378e-03 -1.30665587e-03 -3.92013261e-01 -3.88768543e-03 -1.00511990e-01
-2.72741799e-03 1.17759021e-03 -1.49399539e-03 -2.99214525e-01 1.17072048e-03 -1.14922723e-01
-3.29964296e-03 1.49347378e-03 -1.41365809e-03 -3.58020758e-01 1.06805304e-02 -1.08742930e-01
-2.39945007e-03 9.57541767e-04 -1.37813355e-03 -2.67760100e-01 -9.52995849e-03 -1.06010273e-01
-2.86909654e-03 1.19082107e-03 -1.30488479e-03 -3.17523319e-01 -5.22196435e-03 -1.00375753e-01
-2.20734966e-03 9.57541767e-04 -1.47303364e-03 -2.41900429e-01 1.55275755e-03 -1.13310280e-01
-2.61798475e-03 1.19082107e-03 -1.38422956e-03 -2.83719809e-01 9.26525431e-03 -1.06479197e-01
-1.87149601e-03 7.28945002e-04 -1.37019638e-03 -2.09877635e-01 -9.84371150e-03 -1.05399722e-01
-2.18750825e-03 8.85466313e-04 -1.28804108e-03 -2.43387670e-01 -7.00501081e-03 -9.90800828e-02
-1.67496484e-03 7.28945002e-04 -1.43963281e-03 -1.83421517e-01 1.49462472e-03 -1.10740986e-01
-1.93705900e-03 8.85466313e-04 -1.33779301e-03 -2.09673347e-01 7.44398446e-03 -1.02907155e-01
-1.32643640e-03 4.89487597e-04 -1.34237175e-03 -1.50319077e-01 -1.06326158e-02 -1.03259365e-01
-1.50710662e-03 5.90370859e-04 -1.26448483e-03 -1.68819880e-01 -7.47545839e-03 -9.72680638e-02
-1.11810326e-03 4.89487597e-04 -1.39536931e-03 -1.22274232e-01 1.38660350e-03 -1.07336101e-01
-1.24798748e-03 5.90370859e-04 -1.30694475e-03 -1.33938458e-01 7.47372232e-03 -1.00534211e-01
-7.80193903e-04 2.83126194e-04 -1.31388922e-03 -8.86918988e-02 -6.89804526e-03 -1.01068401e-01
-8.43128255e-04 4.12477306e-04 -1.34163347e-03 -8.97012667e-02 6.88377646e-03 -1.03202575e-01
-5.50448599e-04 2.83126194e-04 -1.39286678e-03 -5.77646464e-02 6.35649148e-03 -1.07143598e-01
-5.41748295e-04 4.12477306e-04 -1.53727618e-03 -4.91308875e-02 2.42710818e-02 -1.18252014e-01
-4.31116921e-04 4.54591308e-04 -1.43746976e-03 -3.18085485e-02 3.63228538e-02 -1.10574597e-01
-5.09628691e-04 1.04488230e-03 -1.88843860e-03 -8.32219112e-03 1.11255578e-01 -1.45264508e-01
-2.11024695e-04 4.54591308e-04 -1.53560607e-03 -2.18074890e-03 4.90204822e-02 -1.18123544e-01
-1.05297481e-02 2.81740514e-03 -8.03437770e-04 -1.25492349e+00 -2.28219391e-01 -6.18029054e-02
-6.23034123e-03 0.00000000e+00 -7.45291729e-04 -8.38699781e-01 -3.59442763e-01 -5.73301330e-02
-1.07739627e-02 2.81740514e-03 -2.35252956e-03 -1.28779853e+00 -2.42308693e-01 -1.80963812e-01
-7.65170131e-03 2.05521254e-03 -1.26000125e-03 -9.11466760e-01 -1.64781079e-01 -9.69231732e-02
-1.21822325e-02 4.88177735e-03 -2.32236485e-03 -1.35827492e+00 -4.56587725e-02 -1.78643450e-01
-7.60307927e-03 2.05521254e-03 -2.41437119e-03 -9.04921485e-01 -1.61975961e-01 -1.85720861e-01
-1.19515122e-02 4.88177735e-03 -2.50178282e-03 -1.32721641e+00 -3.23479846e-02 -1.92444832e-01
-8.05079878e-03 3.13805881e-03 -1.83645008e-03 -9.02719519e-01 -4.20381663e-02 -1.41265391e-01
-1.18200859e-02 5.11870261e-03 -1.88802250e-03 -1.29585565e+00 7.12808534e-03 -1.45232500e-01
-7.88714728e-03 3.13805881e-03 -2.36217025e-03 -8.80689510e-01 -3.25967340e-02 -1.81705404e-01
-1.15806981e-02 5.11870261e-03 -2.30393369e-03 -1.26363036e+00 2.09389254e-02 -1.77225668e-01
-7.74272992e-03 3.18368295e-03 -1.84318296e-03 -8.58616550e-01 -1.81232523e-02 -1.41783305e-01
-1.12248703e-02 4.91504325e-03 -1.77406298e-03 -1.22748004e+00 1.40517669e-02 -1.36466383e-01
-7.58093073e-03 3.18368295e-03 -2.30506571e-03 -8.36835889e-01 -8.78868356e-03 -1.77312747e-01
-1.10131265e-02 4.91504325e-03 -2.25043599e-03 -1.19897607e+00 2.62677573e-02 -1.73110461e-01
-7.32918746e-03 3.02018191e-03 -1.84132202e-03 -8.12380124e-01 -1.62747884e-02 -1.41640156e-01
-1.06568258e-02 4.65851614e-03 -1.77863022e-03 -1.16581216e+00 1.22910684e-02 -1.36817709e-01
-7.18519747e-03 3.02018191e-03 -2.29438322e-03 -7.92996856e-01 -7.96767352e-03 -1.76491017e-01
-1.04593736e-02 4.65851614e-03 -2.24167335e-03 -1.13923205e+00 2.36825451e-02 -1.72436412e-01
-6.94088135e-03 2.84768922e-03 -1.85187359e-03 -7.70059650e-01 -1.70926829e-02 -1.42451815e-01
-1.01208742e-02 4.41332262e-03 -1.80015687e-03 -1.10781061e+00 1.02045310e-02 -1.38473606e-01
-6.80748195e-03 2.84768922e-03 -2.29065711e-03 -7.52102038e-01 -9.39656352e-03 -1.76204393e-01
-9.92858351e-03 4.41332262e-03 -2.23701489e-03 -1.08192532e+00 2.12982266e-02 -1.72078068e-01
-6.57884671e-03 2.69072432e-03 -1.86469378e-03 -7.30379885e-01 -1.73359600e-02 -1.43437983e-01
-9.59984925e-03 4.17947316e-03 -1.81805969e-03 -1.05116395e+00 8.78393069e-03 -1.39850745e-01
-6.44986074e-03 2.69072432e-03 -2.28408177e-03 -7.13016389e-01 -9.89446165e-03 -1.75698597e-01
-9.40908118e-03 4.17947316e-03 -2.22952603e-03 -1.02548363e+00 1.97897805e-02 -1.71502002e-01
-6.22959315e-03 2.54353343e-03 -1.87691609e-03 -6.91856765e-01 -1.70008742e-02 -1.44378161e-01
-9.08415852e-03 3.95098604e-03 -1.83205558e-03 -9.94925991e-01 7.77743686e-03 -1.40927352e-01
-6.10212278e-03 2.54353343e-03 -2.27492563e-03 -6.74697291e-01 -9.64681422e-03 -1.74994279e-01
-8.89375598e-03 3.95098604e-03 -2.21991250e-03 -9.69294880e-01 1.87621987e-02 -1.70762500e-01
-5.88514668e-03 2.40044071e-03 -1.88848746e-03 -6.53744320e-01 -1.63914436e-02 -1.45268266e-01
-8.57006579e-03 3.72446985e-03 -1.84414126e-03 -9.38789442e-01 6.94406936e-03 -1.41857020e-01
-5.75812049e-03 2.40044071e-03 -2.26453025e-03 -6.36644641e-01 -9.06300966e-03 -1.74194634e-01
-8.37972436e-03 3.72446985e-03 -2.20933981e-03 -9.13166557e-01 1.79253057e-02 -1.69949216e-01
-5.54222459e-03 2.25875250e-03 -1.89973090e-03 -6.15756051e-01 -1.56808904e-02 -1.46133146e-01
-8.05637137e-03 3.49856472e-03 -1.85550653e-03 -8.82671258e-01 6.16997958e-03 -1.42731272e-01
-5.41530709e-03 2.25875250e-03 -2.25366856e-03 -5.98671003e-01 -8.35872680e-03 -1.73359120e-01
-7.86602947e-03 3.49856472e-03 -2.19842011e-03 -8.57048310e-01 1.71512431e-02 -1.69109239e-01
-5.19971304e-03 2.11747380e-03 -1.91084722e-03 -5.77799421e-01 -1.49388947e-02 -1.46988247e-01
-7.54275068e-03 3.27281958e-03 -1.86664280e-03 -8.26553770e-01 5.41317272e-03 -1.43587908e-01
-5.07281509e-03 2.11747380e-03 -2.24265833e-03 -5.60717004e-01 -7.61785874e-03 -1.72512179e-01
-7.35240259e-03 3.27281958e-03 -2.18739367e-03 -8.00929989e-01 1.63947933e-02 -1.68261052e-01
-4.85729003e-03 1.97629447e-03 -1.92192198e-03 -5.39848976e-01 -1.41886302e-02 -1.47840152e-01
-7.02913389e-03 3.04710732e-03 -1.87771724e-03 -7.70434909e-01 4.66056899e-03 -1.44439788e-01
-4.73039285e-03 1.97629447e-03 -2.23160776e-03 -5.22766664e-01 -6.86763901e-03 -1.71662136e-01
-6.83878232e-03 3.04710732e-03 -2.17633954e-03 -7.44810659e-01 1.56423903e-02 -1.67410734e-01
-4.51487845e-03 1.83513288e-03 -1.93298518e-03 -5.01899049e-01 -1.34366386e-02 -1.48691167e-01
-6.51551248e-03 2.82139882e-03 -1.88877841e-03 -7.14315210e-01 3.90873610e-03 -1.45290647e-01
-4.38797994e-03 1.83513288e-03 -2.22054840e-03 -4.84816556e-01 -6.11557022e-03 -1.70811415e-01
-6.32515962e-03 2.82139882e-03 -2.16527999e-03 -6.88690786e-01 1.48906320e-02 -1.66559999e-01
-4.17246548e-03 1.69397241e-03 -1.94404586e-03 -4.63948868e-01 -1.26844144e-02 -1.49541989e-01
-6.00188873e-03 2.59568989e-03 -1.89983798e-03 -6.58195220e-01 3.15698123e-03 -1.46141383e-01
-4.04556638e-03 1.69397241e-03 -2.20948784e-03 -4.46866296e-01 -5.36331239e-03 -1.69960603e-01
-5.81153581e-03 2.59568989e-03 -2.15421999e-03 -6.32570789e-01 1.41388805e-02 -1.65709230e-01
-3.83005157e-03 1.55281153e-03 -1.95510618e-03 -4.25998585e-01 -1.19321927e-02 -1.50392783e-01
-5.48826540e-03 2.36998065e-03 -1.91089713e-03 -6.02075305e-01 2.40516069e-03 -1.46992087e-01
-3.70315282e-03 1.55281153e-03 -2.19842702e-03 -4.08916061e-01 -4.61111084e-03 -1.69109770e-01
-5.29791354e-03 2.36998065e-03 -2.14315826e-03 -5.76451016e-01 1.33869985e-02 -1.64858328e-01
-3.48763723e-03 1.41164858e-03 -1.96616521e-03 -3.88048363e-01 -1.11802234e-02 -1.51243478e-01
-4.97464333e-03 2.14426686e-03 -1.92195109e-03 -5.45955821e-01 1.65265417e-03 -1.47842392e-01
-3.36073936e-03 1.41164858e-03 -2.18736386e-03 -3.70965957e-01 -3.85919227e-03 -1.68258758e-01
-4.78429429e-03 2.14426686e-03 -2.13208385e-03 -5.20331913e-01 1.26343290e-02 -1.64006450e-01
-3.14521244e-03 1.27046763e-03 -1.97721583e-03 -3.50097772e-01 -1.04300751e-02 -1.52093525e-01
-4.46101302e-03 1.91852112e-03 -1.93297959e-03 -4.89837072e-01 8.96322851e-04 -1.48690738e-01
-3.01831299e-03 1.27046763e-03 -2.17629020e-03 -3.33015155e-01 -3.10895319e-03 -1.67406938e-01
-4.27066851e-03 1.91852112e-03 -2.12095299e-03 -4.64213773e-01 1.18777368e-02 -1.63150230e-01
-2.80272076e-03 1.12919396e-03 -1.98822958e-03 -3.12143527e-01 -9.68854955e-03 -1.52940737e-01
-3.94731665e-03 1.69262878e-03 -1.94391288e-03 -4.33717889e-01 1.24067439e-04 -1.49531760e-01
-2.67580164e-03 1.12919396e-03 -2.16517966e-03 -2.95058261e-01 -2.36629260e-03 -1.66552281e-01
-3.75696951e-03 1.69262878e-03 -2.10961911e-03 -4.08094236e-01 1.11056333e-02 -1.62278393e-01
-2.45993586e-03 9.87552555e-04 -1.99911130e-03 -2.74171025e-01 -8.97960924e-03 -1.53777792e-01
-3.43331231e-03 1.46619495e-03 -1.95454406e-03 -3.77588487e-01 -7.03313477e-04 -1.50349543e-01
-2.33291548e-03 9.87552555e-04 -2.15395841e-03 -2.57072129e-01 -1.65151072e-03 -1.65689108e-01
-3.24290307e-03 1.46619495e-03 -2.09766194e-03 -3.51956473e-01 1.02818351e-02 -1.61358611e-01
-2.11609857e-03 8.44684998e-04 -2.00958744e-03 -2.36127596e-01 -8.37501406e-03 -1.54583649e-01
-2.91816602e-03 1.23806425e-03 -1.96435951e-03 -3.21403258e-01 -1.69323705e-03 -1.51104578e-01
-1.98867926e-03 8.44684998e-04 -2.14245521e-03 -2.18974996e-01 -1.02389966e-03 -1.64804247e-01
-2.72741799e-03 1.23806425e-03 -2.08409201e-03 -2.95725638e-01 9.31145705e-03 -1.60314770e-01
-1.76903775e-03 6.98338820e-04 -2.01900466e-03 -1.97850919e-01 -8.05272139e-03 -1.55308051e-01
-2.39945007e-03 1.00547355e-03 -1.97241387e-03 -2.64994804e-01 -3.07760261e-03 -1.51724144e-01
-1.64029254e-03 6.98338820e-04 -2.13038691e-03 -1.80519833e-01 -6.25112878e-04 -1.63875916e-01
-2.20734966e-03 1.00547355e-03 -2.06731397e-03 -2.39135134e-01 8.00511343e-03 -1.59024152e-01
-1.41367788e-03 5.44004660e-04 -2.02623014e-03 -1.58917907e-01 -8.32694260e-03 -1.55863857e-01
-1.87149601e-03 7.64015696e-04 -1.97818364e-03 -2.07854326e-01 -5.12265661e-03 -1.52167972e-01
-1.28116281e-03 5.44004660e-04 -2.11766240e-03 -1.41079341e-01 -6.81842729e-04 -1.62897108e-01
-1.67496484e-03 7.64015696e-04 -2.04762007e-03 -1.81398208e-01 6.21567960e-03 -1.57509236e-01
-1.04205952e-03 3.78035927e-04 -2.03075589e-03 -1.18467478e-01 -9.22936672e-03 -1.56211992e-01
-1.32643640e-03 5.16255405e-04 -1.98686950e-03 -1.48774780e-01 -7.02925694e-03 -1.52836116e-01
-9.00717758e-04 3.78035927e-04 -2.10552242e-03 -9.94407024e-02 -1.07503435e-03 -1.61963263e-01
-1.11810326e-03 5.16255405e-04 -2.03986706e-03 -1.20729935e-01 4.98996235e-03 -1.56912851e-01
-6.57249352e-04 2.23839156e-04 -2.03763061e-03 -7.55620769e-02 -7.78603773e-03 -1.56740816e-01
-7.80193903e-04 3.23015884e-04 -2.02462749e-03 -8.63905705e-02 -1.52827922e-03 -1.55740576e-01
-5.01348681e-04 2.23839156e-04 -2.09470550e-03 -5.45754480e-02 1.20823176e-03 -1.61131192e-01
-5.50448599e-04 3.23015884e-04 -2.10360505e-03 -5.54633181e-02 1.17262575e-02 -1.61815773e-01
-3.42629711e-04 2.43303961e-04 -2.05650098e-03 -3.20864633e-02 1.29853576e-02 -1.58192383e-01
-4.31116921e-04 5.04157632e-04 -2.11834534e-03 -2.89489529e-02 4.29952435e-02 -1.62949642e-01
-1.82834508e-04 2.43303961e-04 -2.02823084e-03 -1.05755706e-02 2.22043117e-02 -1.56017757e-01
-2.11024695e-04 5.04157632e-04 -2.21648166e-03 6.78846699e-04 5.56928719e-02 -1.70498589e-01
-4.13055123e-04 9.65546002e-04 -1.92295377e-03 1.01002864e-04 1.06147243e-01 -1.47919521e-01
-6.23034123e-03 0.00000000e+00 -7.45291729e-04 -8.38699781e-01 -3.59442763e-01 -5.73301330e-02
-3.32480491e-03 -8.37733135e-06 8.90923235e-04 -4.48053199e-01 -1.92943385e-01 6.85325565e-02
-7.65170131e-03 2.63825741e-03 -1.41041802e-03 -8.77829556e-01 -8.62942702e-02 -1.08493694e-01
-3.40147116e-03 -8.37733135e-06 -1.47539455e-03 -4.58373657e-01 -1.97366439e-01 -1.13491889e-01
-7.60307927e-03 2.63825741e-03 -2.56478796e-03 -8.71284281e-01 -8.34891523e-02 -1.97291382e-01
-3.91927774e-03 1.18032141e-03 -1.76956068e-03 -4.59499615e-01 -6.72227571e-02 -1.36120052e-01
-8.05079878e-03 3.40358759e-03 -2.34272106e-03 -8.87400551e-01 -6.29390695e-03 -1.80209312e-01
-3.88380087e-03 1.18032141e-03 -2.73482280e-03 -4.54723882e-01 -6.51760142e-02 -2.10370984e-01
-7.88714728e-03 3.40358759e-03 -2.86844123e-03 -8.65370542e-01 3.14752532e-03 -2.20649325e-01
-3.96426711e-03 1.52256804e-03 -2.31192719e-03 -4.45810878e-01 -2.37466354e-02 -1.77840553e-01
-7.74272992e-03 3.41696897e-03 -2.34372367e-03 -8.45157741e-01 1.32806349e-02 -1.80286436e-01
-3.88457353e-03 1.52256804e-03 -2.85179684e-03 -4.35082895e-01 -1.91489287e-02 -2.19368987e-01
-7.58093073e-03 3.41696897e-03 -2.80560643e-03 -8.23377080e-01 2.26152037e-02 -2.15815879e-01
-3.78149465e-03 1.50551433e-03 -2.34582398e-03 -4.22190760e-01 -1.54977614e-02 -1.80447998e-01
-7.32918746e-03 3.24901237e-03 -2.28676833e-03 -7.99178367e-01 1.45293120e-02 -1.75905256e-01
-3.70335090e-03 1.50551433e-03 -2.79680212e-03 -4.11671410e-01 -1.09894687e-02 -2.15138624e-01
-7.18519747e-03 3.24901237e-03 -2.73982953e-03 -7.79795099e-01 2.28364269e-02 -2.10756118e-01
-3.57434344e-03 1.41856433e-03 -2.31512481e-03 -3.99321367e-01 -1.52515384e-02 -1.78086524e-01
-6.94088135e-03 3.06930836e-03 -2.26455693e-03 -7.57273930e-01 1.27406635e-02 -1.74196687e-01
-3.50369753e-03 1.41856433e-03 -2.74985635e-03 -3.89811341e-01 -1.11758128e-02 -2.11527412e-01
-6.80748195e-03 3.06930836e-03 -2.70334045e-03 -7.39316318e-01 2.04367828e-02 -2.07949266e-01
-3.38263321e-03 1.33393191e-03 -2.29982402e-03 -3.78396861e-01 -1.55841591e-02 -1.76909540e-01
-6.57884671e-03 2.90254724e-03 -2.26372377e-03 -7.18159332e-01 1.11786642e-02 -1.74132597e-01
-3.31643040e-03 1.33393191e-03 -2.72275195e-03 -3.69484944e-01 -1.17647662e-02 -2.09442458e-01
-6.44986074e-03 2.90254724e-03 -2.68311176e-03 -7.00795836e-01 1.86201625e-02 -2.06393212e-01
-3.20301485e-03 1.25823048e-03 -2.29980277e-03 -3.58584855e-01 -1.54121376e-02 -1.76907905e-01
-6.22959315e-03 2.74455860e-03 -2.27125743e-03 -6.80259158e-01 1.00602069e-02 -1.74712110e-01
-3.13867408e-03 1.25823048e-03 -2.70600444e-03 -3.49923598e-01 -1.17001701e-02 -2.08154188e-01
-6.10212278e-03 2.74455860e-03 -2.66926697e-03 -6.63099685e-01 1.74142669e-02 -2.05328229e-01
-3.02894584e-03 1.18751844e-03 -2.30705764e-03 -3.39232030e-01 -1.48886240e-02 -1.77465972e-01
-5.88514668e-03 2.59037100e-03 -2.28145468e-03 -6.42786803e-01 9.17609520e-03 -1.75496514e-01
-2.96524944e-03 1.18751844e-03 -2.69323979e-03 -3.30657515e-01 -1.12138318e-02 -2.07172292e-01
-5.75812049e-03 2.59037100e-03 -2.65749746e-03 -6.25687124e-01 1.65045291e-02 -2.04422882e-01
-2.85690566e-03 1.11881534e-03 -2.31700625e-03 -3.20036415e-01 -1.42117227e-02 -1.78231250e-01
-5.54222459e-03 2.43751801e-03 -2.29236189e-03 -6.05442656e-01 8.38369819e-03 -1.76335530e-01
-2.79339998e-03 1.11881534e-03 -2.68175241e-03 -3.11487574e-01 -1.05479338e-02 -2.06288647e-01
-5.41530709e-03 2.43751801e-03 -2.64629955e-03 -5.88357607e-01 1.57058618e-02 -2.03561504e-01
-2.68549542e-03 1.05078389e-03 -2.32779626e-03 -3.00886851e-01 -1.34807505e-02 -1.79061250e-01
-5.19971304e-03 2.28506372e-03 -2.30341774e-03 -5.68130772e-01 7.62128651e-03 -1.77185980e-01
-2.62203713e-03 1.05078389e-03 -2.67061189e-03 -2.92344389e-01 -9.81969534e-03 -2.05431684e-01
-5.07281509e-03 2.28506372e-03 -2.63522885e-03 -5.51048355e-01 1.49423225e-02 -2.02709912e-01
-2.51425108e-03 9.82943956e-04 -2.33880863e-03 -2.81748571e-01 -1.27335684e-02 -1.79908356e-01
-4.85729003e-03 2.13270942e-03 -2.31449010e-03 -5.30825037e-01 6.86722745e-03 -1.78037700e-01
-2.45080162e-03 9.82943956e-04 -2.65954682e-03 -2.73207298e-01 -9.07302262e-03 -2.04580525e-01
-4.73039285e-03 2.13270942e-03 -2.62417589e-03 -5.13742725e-01 1.41882186e-02 -2.01859684e-01
-2.34304131e-03 9.15149219e-04 -2.34986726e-03 -2.62612337e-01 -1.19822960e-02 -1.80759020e-01
-4.51487845e-03 1.98037424e-03 -2.32555744e-03 -4.93519739e-01 6.11508308e-03 -1.78889034e-01
-2.27959240e-03 9.15149219e-04 -2.64849139e-03 -2.54071137e-01 -8.32178174e-03 -2.03730107e-01
-4.38797994e-03 1.98037424e-03 -2.61312066e-03 -4.76437247e-01 1.34361514e-02 -2.01009282e-01
-2.17183563e-03 8.47362217e-04 -2.36093073e-03 -2.43476207e-01 -1.12302186e-02 -1.81610056e-01
-4.17246548e-03 1.82804086e-03 -2.33661992e-03 -4.56214150e-01 5.36326137e-03 -1.79739994e-01
-2.10838629e-03 8.47362217e-04 -2.63743379e-03 -2.34934949e-01 -7.56967966e-03 -2.02879522e-01
-4.04556638e-03 1.82804086e-03 -2.60206191e-03 -4.39131578e-01 1.26843634e-02 -2.00158608e-01
-2.00062944e-03 7.79575673e-04 -2.37199194e-03 -2.24339982e-01 -1.04780501e-02 -1.82460919e-01
-3.83005157e-03 1.67570711e-03 -2.34767917e-03 -4.18908456e-01 4.61144290e-03 -1.80590706e-01
-1.93718002e-03 7.79575673e-04 -2.62637325e-03 -2.15798714e-01 -6.81750693e-03 -2.02028712e-01
-3.70315282e-03 1.67570711e-03 -2.59100001e-03 -4.01825931e-01 1.19325248e-02 -1.99307693e-01
-1.82942278e-03 7.11788055e-04 -2.38305035e-03 -2.05203755e-01 -9.72599884e-03 -1.83311565e-01
-3.48763723e-03 1.52337077e-03 -2.35873548e-03 -3.81602852e-01 3.85930153e-03 -1.81441191e-01
-1.76597358e-03 7.11788055e-04 -2.61531097e-03 -1.96662517e-01 -6.06546835e-03 -2.01177767e-01
-3.36073936e-03 1.52337077e-03 -2.57993412e-03 -3.64520446e-01 1.11803327e-02 -1.98456471e-01
-1.65821232e-03 6.43992362e-04 -2.39410744e-03 -1.86067484e-01 -8.97481589e-03 -1.84162110e-01
-3.14521244e-03 1.37101537e-03 -2.36979096e-03 -3.44296941e-01 3.10519771e-03 -1.82291612e-01
-1.59476225e-03 6.43992362e-04 -2.60425441e-03 -1.77526128e-01 -5.31423486e-03 -2.00327262e-01
-3.01831299e-03 1.37101537e-03 -2.56886533e-03 -3.27214323e-01 1.04263196e-02 -1.97605025e-01
-1.48697624e-03 5.76154115e-04 -2.40517518e-03 -1.66930218e-01 -8.22788317e-03 -1.85013475e-01
-2.80272076e-03 1.21856724e-03 -2.38086558e-03 -3.06987376e-01 2.34246953e-03 -1.83143506e-01
-1.42351731e-03 5.76154115e-04 -2.59324252e-03 -1.58387670e-01 -4.56679111e-03 -1.99480194e-01
-2.67580164e-03 1.21856724e-03 -2.55781566e-03 -2.89902110e-01 9.66472648e-03 -1.96755050e-01
-1.31562287e-03 5.08142781e-04 -2.41631479e-03 -1.47787149e-01 -7.49748337e-03 -1.85870369e-01
-2.45993586e-03 1.06576215e-03 -2.39206054e-03 -2.69658933e-01 1.54860603e-03 -1.84004657e-01
-1.25211968e-03 5.08142781e-04 -2.58243399e-03 -1.39238643e-01 -3.83383803e-03 -1.98648769e-01
-2.33291548e-03 1.06576215e-03 -2.54690764e-03 -2.52560037e-01 8.87670454e-03 -1.95915973e-01
-1.14383495e-03 4.39540926e-04 -2.42776871e-03 -1.28619651e-01 -6.82150711e-03 -1.86751440e-01
-2.11609857e-03 9.11793358e-04 -2.40377083e-03 -2.32255960e-01 6.58803565e-04 -1.84905449e-01
-1.08015950e-03 4.39540926e-04 -2.57237035e-03 -1.20047956e-01 -3.14792339e-03 -1.97874642e-01
-1.98867926e-03 9.11793358e-04 -2.53663861e-03 -2.15103360e-01 8.00991796e-03 -1.95126047e-01
-9.70672856e-04 3.69216092e-04 -2.44034230e-03 -1.09366571e-01 -6.29819087e-03 -1.87718639e-01
-1.76903775e-03 7.54595350e-04 -2.41728985e-03 -1.94605350e-01 -4.79726942e-04 -1.85945373e-01
-9.06428149e-04 3.69216092e-04 -2.56462517e-03 -1.00718246e-01 -2.59176546e-03 -1.97278859e-01
-1.64029254e-03 7.54595350e-04 -2.52867210e-03 -1.77274264e-01 6.94788157e-03 -1.94513238e-01
-7.93810505e-04 2.94731153e-04 -2.45629591e-03 -8.98553860e-02 -6.12141234e-03 -1.88945840e-01
-1.41367788e-03 5.90184927e-04 -2.43617771e-03 -1.56253661e-01 -2.11036825e-03 -1.87398285e-01
-7.27946967e-04 2.94731153e-04 -2.56293898e-03 -8.09891406e-02 -2.32159288e-03 -1.97149152e-01
-1.28116281e-03 5.90184927e-04 -2.52760997e-03 -1.38415095e-01 5.53473162e-03 -1.94431536e-01
-6.08978280e-04 2.13115843e-04 -2.48065011e-03 -6.96827005e-02 -6.44469108e-03 -1.90819239e-01
-1.04205952e-03 4.15798724e-04 -2.46800966e-03 -1.16288855e-01 -4.14591320e-03 -1.89846897e-01
-5.39276534e-04 2.13115843e-04 -2.57327862e-03 -6.02997733e-02 -2.42343654e-03 -1.97944509e-01
-9.00717758e-04 4.15798724e-04 -2.54277618e-03 -9.72620795e-02 4.00841916e-03 -1.95598168e-01
-4.13720675e-04 1.30440568e-04 -2.51951239e-03 -4.81677504e-02 -6.30919324e-03 -1.93808646e-01
-6.57249352e-04 2.52666328e-04 -2.51992370e-03 -7.38989708e-02 -3.90545699e-03 -1.93840285e-01
-3.37292922e-04 1.30440568e-04 -2.59288506e-03 -3.78793990e-02 -1.89989975e-03 -1.99452697e-01
-5.01348681e-04 2.52666328e-04 -2.57699859e-03 -5.29123420e-02 5.08881250e-03 -1.98230661e-01
-2.29759505e-04 1.02755866e-04 -2.55586793e-03 -2.50009411e-02 5.77164302e-04 -1.96605226e-01
-3.42629711e-04 2.29025381e-04 -2.55084217e-03 -3.29102276e-02 1.10632410e-02 -1.96218629e-01
-1.48852998e-04 1.02755866e-04 -2.54885129e-03 -1.41096806e-02 5.24484738e-03 -1.96065484e-01
-1.82834508e-04 2.29025381e-04 -2.52257202e-03 -1.13993348e-02 2.02821951e-02 -1.94044002e-01
-1.60154045e-04 3.26407883e-04 -2.42366723e-03 -2.72797433e-03 3.46998663e-02 -1.86435941e-01
-4.13055123e-04 7.14335829e-04 -2.25137226e-03 -1.43918918e-02 7.23304892e-02 -1.73182482e-01
-9.61709430e-05 3.26407883e-04 -2.08774592e-03 5.88513557e-03 3.83911991e-02 -1.60595840e-01
-3.32480491e-03 1.18679364e-03 1.12809736e-03 -3.79101028e-01 -3.20549860e-02 8.67767203e-02
-1.60824762e-16 0.00000000e+00 2.96290971e-04 -2.16494872e-14 -9.27835166e-15 2.27916132e-02
-3.40147116e-03 1.18679364e-03 -1.23822042e-03 -3.89421485e-01 -3.64780392e-02 -9.52477249e-02
-1.92554306e-16 -3.94435989e-04 -7.11680501e-04 -2.27559224e-02 -5.30971523e-02 -5.47446539e-02
-3.91927774e-03 1.66785240e-03 -1.87931167e-03 -4.31372827e-01 -1.59358487e-03 -1.44562436e-01
-1.93421668e-16 -3.94435989e-04 -2.27356733e-03 -2.27559224e-02 -5.30971523e-02 -1.74889795e-01
-3.88380087e-03 1.66785240e-03 -2.84457379e-03 -4.26597093e-01 4.53158038e-04 -2.18813368e-01
-2.20309881e-16 -1.90736794e-04 -2.29034052e-03 -1.10040458e-02 -2.56761069e-02 -1.76180040e-01
-3.96426711e-03 1.79524339e-03 -2.55846664e-03 -4.30079608e-01 1.29596612e-02 -1.96805126e-01
-2.16840434e-16 -1.90736794e-04 -3.04561969e-03 -1.10040458e-02 -2.56761069e-02 -2.34278438e-01
-3.88457353e-03 1.79524339e-03 -3.09833628e-03 -4.19351625e-01 1.75573679e-02 -2.38333560e-01
-2.28983499e-16 -1.23438297e-04 -2.59678069e-03 -7.12144022e-03 -1.66166939e-02 -1.99752361e-01
-3.78149465e-03 1.73329269e-03 -2.58756884e-03 -4.09049701e-01 1.51647096e-02 -1.99043757e-01
-2.35922393e-16 -1.23438297e-04 -3.08557141e-03 -7.12144022e-03 -1.66166939e-02 -2.37351647e-01
-3.70335090e-03 1.73329269e-03 -3.03854698e-03 -3.98530351e-01 1.96730023e-02 -2.33734383e-01
-2.35922393e-16 -1.10354429e-04 -2.57318458e-03 -6.36660166e-03 -1.48554039e-02 -1.97937275e-01
-3.57434344e-03 1.63813692e-03 -2.53367444e-03 -3.86653718e-01 1.43063096e-02 -1.94898034e-01
-2.39391840e-16 -1.10354429e-04 -3.01016582e-03 -6.36660166e-03 -1.48554039e-02 -2.31551217e-01
-3.50369753e-03 1.63813692e-03 -2.96840598e-03 -3.77143692e-01 1.83820352e-02 -2.28338922e-01
-2.15105711e-16 -1.07541309e-04 -2.52939149e-03 -6.20430626e-03 -1.44767146e-02 -1.94568576e-01
-3.38263321e-03 1.54754277e-03 -2.50462852e-03 -3.66073157e-01 1.31711496e-02 -1.92663732e-01
-2.15105711e-16 -1.07541309e-04 -2.95523335e-03 -6.20430626e-03 -1.44767146e-02 -2.27325642e-01
-3.31643040e-03 1.54754277e-03 -2.92755645e-03 -3.57161240e-01 1.69905426e-02 -2.25196650e-01
-2.01227923e-16 -1.04394961e-04 -2.51162058e-03 -6.02278623e-03 -1.40531679e-02 -1.93201583e-01
-3.20301485e-03 1.46339331e-03 -2.49884687e-03 -3.46748538e-01 1.22059353e-02 -1.92218990e-01
-1.94289029e-16 -1.04394961e-04 -2.92500353e-03 -6.02278623e-03 -1.40531679e-02 -2.25000272e-01
-3.13867408e-03 1.46339331e-03 -2.90504854e-03 -3.38087281e-01 1.59179028e-02 -2.23465272e-01
-1.17961196e-16 -9.99539315e-05 -2.51136316e-03 -5.76657297e-03 -1.34553369e-02 -1.93181781e-01
-3.02894584e-03 1.38256988e-03 -2.50410832e-03 -3.27979062e-01 1.13683008e-02 -1.92623717e-01
-1.11022302e-16 -9.99539315e-05 -2.90716053e-03 -5.76657297e-03 -1.34553369e-02 -2.23627733e-01
-2.96524944e-03 1.38256988e-03 -2.89029047e-03 -3.19404547e-01 1.50430930e-02 -2.22330036e-01
-9.71445147e-17 -9.47904642e-05 -2.51870648e-03 -5.46868063e-03 -1.27602548e-02 -1.93746652e-01
-2.85690566e-03 1.30303997e-03 -2.51346690e-03 -3.09408071e-01 1.05877469e-02 -1.93343608e-01
-1.11022302e-16 -9.47904642e-05 -2.89405757e-03 -5.46868063e-03 -1.27602548e-02 -2.22619813e-01
-2.79339998e-03 1.30303997e-03 -2.87821306e-03 -3.00859230e-01 1.42515358e-02 -2.21401005e-01
-4.16333634e-17 -8.93363637e-05 -2.52872584e-03 -5.15402099e-03 -1.20260490e-02 -1.94517372e-01
-2.68549542e-03 1.22393193e-03 -2.52411033e-03 -2.90897541e-01 9.82763997e-03 -1.94162333e-01
-4.85722573e-17 -8.93363637e-05 -2.88247979e-03 -5.15402099e-03 -1.20260490e-02 -2.21729215e-01
-2.62203713e-03 1.22393193e-03 -2.86692596e-03 -2.82355079e-01 1.34886952e-02 -2.20532766e-01
-8.32667268e-17 -8.37851642e-05 -2.53954731e-03 -4.83375947e-03 -1.12787721e-02 -1.95349793e-01
-2.51425108e-03 1.14494121e-03 -2.53509538e-03 -2.72402576e-01 9.07375411e-03 -1.95007337e-01
-8.32667268e-17 -8.37851642e-05 -2.87131963e-03 -4.83375947e-03 -1.12787721e-02 -2.20870741e-01
-2.45080162e-03 1.14494121e-03 -2.85583358e-03 -2.63861303e-01 1.27342998e-02 -2.19679506e-01
-8.32667268e-17 -7.82062863e-05 -2.55057068e-03 -4.51190113e-03 -1.05277693e-02 -1.96197744e-01
-2.34304131e-03 1.06597718e-03 -2.54615232e-03 -2.53910723e-01 8.32146835e-03 -1.95857870e-01
-9.71445147e-17 -7.82062863e-05 -2.86025177e-03 -4.51190113e-03 -1.05277693e-02 -2.20019367e-01
-2.27959240e-03 1.06597718e-03 -2.84477645e-03 -2.45369523e-01 1.19819826e-02 -2.18828958e-01
-9.71445147e-17 -7.26208579e-05 -2.56163225e-03 -4.18966488e-03 -9.77588471e-03 -1.97048635e-01
-2.17183563e-03 9.87017350e-04 -2.55721712e-03 -2.35419180e-01 7.56951081e-03 -1.96709009e-01
-9.71445147e-17 -7.26208579e-05 -2.84919618e-03 -4.18966488e-03 -9.77588471e-03 -2.19168937e-01
-2.10838629e-03 9.87017350e-04 -2.83372017e-03 -2.26877922e-01 1.12300497e-02 -2.17978475e-01
1.52655666e-16 -6.70342857e-05 -2.57269560e-03 -3.86736263e-03 -9.02384615e-03 -1.97899662e-01
-2.00062944e-03 9.08057636e-04 -2.56827856e-03 -2.16927561e-01 6.81759882e-03 -1.97559889e-01
1.24900090e-16 -6.70342857e-05 -2.83813783e-03 -3.86736263e-03 -9.02384615e-03 -2.18318295e-01
-1.93718002e-03 9.08057636e-04 -2.82265987e-03 -2.08386293e-01 1.04781420e-02 -2.17127682e-01
1.11022302e-16 -6.14477727e-05 -2.58375517e-03 -3.54506381e-03 -8.27181555e-03 -1.98750398e-01
-1.82942278e-03 8.29097381e-04 -2.57933628e-03 -1.98435909e-01 6.06564125e-03 -1.98410483e-01
1.24900090e-16 -6.14477727e-05 -2.82707594e-03 -3.54506381e-03 -8.27181555e-03 -2.17467380e-01
-1.76597358e-03 8.29097381e-04 -2.81159690e-03 -1.89894671e-01 9.72617174e-03 -2.16276685e-01
1.38777878e-16 -5.58624723e-05 -2.59481278e-03 -3.22283494e-03 -7.51994820e-03 -1.99600983e-01
-1.65821232e-03 7.50132612e-04 -2.59039608e-03 -1.79944008e-01 5.31329468e-03 -1.99261237e-01
1.24900090e-16 -5.58624723e-05 -2.81601688e-03 -3.22283494e-03 -7.51994820e-03 -2.16616683e-01
-1.59476225e-03 7.50132612e-04 -2.80054305e-03 -1.71402652e-01 8.97387571e-03 -2.15426389e-01
1.80411242e-16 -5.02833527e-05 -2.60588374e-03 -2.90096265e-03 -6.76891286e-03 -2.00452595e-01
-1.48697624e-03 6.71142465e-04 -2.60149123e-03 -1.61450121e-01 4.55901007e-03 -2.00114710e-01
1.24900090e-16 -5.02833527e-05 -2.80499566e-03 -2.90096265e-03 -6.76891286e-03 -2.15768897e-01
-1.42351731e-03 6.71142465e-04 -2.78955856e-03 -1.52907573e-01 8.22010212e-03 -2.14581428e-01
-5.55111512e-17 -4.47292641e-05 -2.61704276e-03 -2.58053447e-03 -6.02124709e-03 -2.01310982e-01
-1.31562287e-03 5.92045647e-04 -2.61276775e-03 -1.42946599e-01 3.79713326e-03 -2.00982135e-01
-6.93889390e-17 -4.47292641e-05 -2.79416161e-03 -2.58053447e-03 -6.02124709e-03 -2.14935508e-01
-1.25211968e-03 5.92045647e-04 -2.77888695e-03 -1.34398093e-01 7.46077860e-03 -2.13760535e-01
-9.71445147e-17 -3.92605983e-05 -2.62858226e-03 -2.26503451e-03 -5.28508053e-03 -2.02198635e-01
-1.14383495e-03 5.12575780e-04 -2.62475459e-03 -1.24406102e-01 3.01010788e-03 -2.01904199e-01
-1.38777878e-16 -3.92605983e-05 -2.78404629e-03 -2.26503451e-03 -5.28508053e-03 -2.14157407e-01
-1.08015950e-03 5.12575780e-04 -2.76935622e-03 -1.15834407e-01 6.68369159e-03 -2.13027402e-01
1.11022302e-16 -3.40413926e-05 -2.64147163e-03 -1.96392650e-03 -4.58249516e-03 -2.03190125e-01
-9.70672856e-04 4.31988419e-04 -2.63908923e-03 -1.05745091e-01 2.15193004e-03 -2.03006864e-01
-1.38777878e-17 -3.40413926e-05 -2.77626866e-03 -1.96392650e-03 -4.58249516e-03 -2.13559128e-01
-9.06428149e-04 4.31988419e-04 -2.76337209e-03 -9.70967652e-02 5.85835544e-03 -2.12567084e-01
3.88578059e-16 -2.94252512e-05 -2.65845482e-03 -1.69761065e-03 -3.96109151e-03 -2.04496524e-01
-7.93810505e-04 3.48594036e-04 -2.66005084e-03 -8.67479120e-02 1.12936035e-03 -2.04619295e-01
3.33066907e-16 -2.94252512e-05 -2.77497287e-03 -1.69761065e-03 -3.96109151e-03 -2.13459451e-01
-7.27946967e-04 3.48594036e-04 -2.76669390e-03 -7.78816666e-02 4.92917981e-03 -2.12822608e-01
3.19189120e-16 -2.58444929e-05 -2.68586494e-03 -1.49102844e-03 -3.47906635e-03 -2.06604996e-01
-6.08978280e-04 2.59900304e-04 -2.69627888e-03 -6.69835970e-02 -1.46782829e-04 -2.07406068e-01
3.74700271e-16 -2.58444929e-05 -2.78820391e-03 -1.49102844e-03 -3.47906635e-03 -2.14477224e-01
-5.39276534e-04 2.59900304e-04 -2.78890739e-03 -5.76006697e-02 3.87447171e-03 -2.14531338e-01
2.22044605e-16 -2.24120424e-05 -2.73337773e-03 -1.29300245e-03 -3.01700571e-03 -2.10259826e-01
-4.13720675e-04 1.67499364e-04 -2.75594869e-03 -4.60297430e-02 -1.32050915e-03 -2.11996053e-01
1.94289029e-16 -2.24120424e-05 -2.82212489e-03 -1.29300245e-03 -3.01700571e-03 -2.17086530e-01
-3.37292922e-04 1.67499364e-04 -2.82932136e-03 -3.57413915e-02 3.08878434e-03 -2.17640105e-01
2.08166817e-16 -1.08021285e-05 -2.79611742e-03 -6.23199721e-04 -1.45413268e-03 -2.15085955e-01
-2.29759505e-04 9.92119280e-05 -2.80615967e-03 -2.52053991e-02 1.00095786e-04 -2.15858436e-01
2.22044605e-16 -1.08021285e-05 -2.83889166e-03 -6.23199721e-04 -1.45413268e-03 -2.18376282e-01
-1.48852998e-04 9.92119280e-05 -2.79914303e-03 -1.43141386e-02 4.76777886e-03 -2.15318695e-01
1.66533454e-16 3.99769962e-05 -2.76729584e-03 2.30636517e-03 5.38151872e-03 -2.12868910e-01
-1.60154045e-04 1.56742001e-04 -2.62160486e-03 -1.25163906e-02 1.18602282e-02 -2.01661912e-01
2.22044605e-16 3.99769962e-05 -2.60899501e-03 2.30636517e-03 5.38151872e-03 -2.00691924e-01
-9.61709430e-05 1.56742001e-04 -2.28568355e-03 -3.90328075e-03 1.55515611e-02 -1.75821811e-01
8.32667268e-17 1.85539609e-04 -2.20582732e-03 1.07042082e-02 2.49764858e-02 -1.69679024e-01
-1.60824762e-16 0.00000000e+00 2.96290971e-04 -2.16494872e-14 -9.27835166e-15 2.27916132e-02
3.32480491e-03 -1.18679364e-03 1.12809736e-03 3.79101028e-01 3.20549860e-02 8.67767203e-02
-1.92322775e-16 3.94435989e-04 -7.11680501e-04 2.27559224e-02 5.30971523e-02 -5.47446539e-02
3.40147116e-03 -1.18679364e-03 -1.23822042e-03 3.89421485e-01 3.64780392e-02 -9.52477249e-02
-1.94755085e-16 3.94435989e-04 -2.27356733e-03 2.27559224e-02 5.30971523e-02 -1.74889795e-01
3.91927774e-03 -1.66785240e-03 -1.87931167e-03 4.31372827e-01 1.59358487e-03 -1.44562436e-01
-2.19063042e-16 1.90736794e-04 -2.29034052e-03 1.10040458e-02 2.56761069e-02 -1.76180040e-01
3.88380087e-03 -1.66785240e-03 -2.84457379e-03 4.26597093e-01 -4.53158038e-04 -2.18813368e-01
-2.17223287e-16 1.90736794e-04 -3.04561969e-03 1.10040458e-02 2.56761069e-02 -2.34278438e-01
3.96426711e-03 -1.79524339e-03 -2.55846664e-03 4.30079608e-01 -1.29596612e-02 -1.96805126e-01
-2.30478811e-16 1.23438297e-04 -2.59678069e-03 7.12144022e-03 1.66166939e-02 -1.99752361e-01
3.88457353e-03 -1.79524339e-03 -3.09833628e-03 4.19351625e-01 -1.75573679e-02 -2.38333560e-01
-2.33536094e-16 1.23438297e-04 -3.08557141e-03 7.12144022e-03 1.66166939e-02 -2.37351647e-01
3.78149465e-03 -1.73329269e-03 -2.58756884e-03 4.09049701e-01 -1.51647096e-02 -1.99043757e-01
-2.39120605e-16 1.10354429e-04 -2.57318458e-03 6.36660166e-03 1.48554039e-02 -1.97937275e-01
3.70335090e-03 -1.73329269e-03 -3.03854698e-03 3.98530351e-01 -1.96730023e-02 -2.33734383e-01
-2.35073145e-16 1.10354429e-04 -3.01016582e-03 6.36660166e-03 1.48554039e-02 -2.31551217e-01
3.57434344e-03 -1.63813692e-03 -2.53367444e-03 3.86653718e-01 -1.43063096e-02 -1.94898034e-01
-2.18289493e-16 1.07541309e-04 -2.52939149e-03 6.20430626e-03 1.44767146e-02 -1.94568576e-01
3.50369753e-03 -1.63813692e-03 -2.96840598e-03 3.77143692e-01 -1.83820352e-02 -2.28338922e-01
-2.17996836e-16 1.07541309e-04 -2.95523335e-03 6.20430626e-03 1.44767146e-02 -2.27325642e-01
3.38263321e-03 -1.54754277e-03 -2.50462852e-03 3.66073157e-01 -1.31711496e-02 -1.92663732e-01
-2.07653542e-16 1.04394961e-04 -2.51162058e-03 6.02278623e-03 1.40531679e-02 -1.93201583e-01
3.31643040e-03 -1.54754277e-03 -2.92755645e-03 3.57161240e-01 -1.69905426e-02 -2.25196650e-01
-1.92480340e-16 1.04394961e-04 -2.92500353e-03 6.02278623e-03 1.40531679e-02 -2.25000272e-01
3.20301485e-03 -1.46339331e-03 -2.49884687e-03 3.46748538e-01 -1.22059353e-02 -1.92218990e-01
-1.12509888e-16 9.99539315e-05 -2.51136316e-03 5.76657297e-03 1.34553369e-02 -1.93181781e-01
3.13867408e-03 -1.46339331e-03 -2.90504854e-03 3.38087281e-01 -1.59179028e-02 -2.23465272e-01
-1.06154700e-16 9.99539315e-05 -2.90716053e-03 5.76657297e-03 1.34553369e-02 -2.23627733e-01
3.02894584e-03 -1.38256988e-03 -2.50410832e-03 3.27979062e-01 -1.13683008e-02 -1.92623717e-01
-1.01710426e-16 9.47904642e-05 -2.51870648e-03 5.46868063e-03 1.27602548e-02 -1.93746652e-01
2.96524944e-03 -1.38256988e-03 -2.89029047e-03 3.19404547e-01 -1.50430930e-02 -2.22330036e-01
-1.05030481e-16 9.47904642e-05 -2.89405757e-03 5.46868063e-03 1.27602548e-02 -2.22619813e-01
2.85690566e-03 -1.30303997e-03 -2.51346690e-03 3.09408071e-01 -1.05877469e-02 -1.93343608e-01
-5.18488594e-17 8.93363637e-05 -2.52872584e-03 5.15402099e-03 1.20260490e-02 -1.94517372e-01
2.79339998e-03 -1.30303997e-03 -2.87821306e-03 3.00859230e-01 -1.42515358e-02 -2.21401005e-01
-4.92375950e-17 8.93363637e-05 -2.88247979e-03 5.15402099e-03 1.20260490e-02 -2.21729215e-01
2.68549542e-03 -1.22393193e-03 -2.52411033e-03 2.90897541e-01 -9.82763997e-03 -1.94162333e-01
-7.10365660e-17 8.37851642e-05 -2.53954731e-03 4.83375947e-03 1.12787721e-02 -1.95349793e-01
2.62203713e-03 -1.22393193e-03 -2.86692596e-03 2.82355079e-01 -1.34886952e-02 -2.20532766e-01
-9.18249438e-17 8.37851642e-05 -2.87131963e-03 4.83375947e-03 1.12787721e-02 -2.20870741e-01
2.51425108e-03 -1.14494121e-03 -2.53509538e-03 2.72402576e-01 -9.07375411e-03 -1.95007337e-01
-7.02837080e-17 7.82062863e-05 -2.55057068e-03 4.51190113e-03 1.05277693e-02 -1.96197744e-01
2.45080162e-03 -1.14494121e-03 -2.85583358e-03 2.63861303e-01 -1.27342998e-02 -2.19679506e-01
-1.07319576e-16 7.82062863e-05 -2.86025177e-03 4.51190113e-03 1.05277693e-02 -2.20019367e-01
2.34304131e-03 -1.06597718e-03 -2.54615232e-03 2.53910723e-01 -8.32146835e-03 -1.95857870e-01
-9.13942548e-17 7.26208579e-05 -2.56163225e-03 4.18966488e-03 9.77588471e-03 -1.97048635e-01
2.27959240e-03 -1.06597718e-03 -2.84477645e-03 2.45369523e-01 -1.19819826e-02 -2.18828958e-01
-9.46329009e-17 7.26208579e-05 -2.84919618e-03 4.18966488e-03 9.77588471e-03 -2.19168937e-01
2.17183563e-03 -9.87017350e-04 -2.55721712e-03 2.35419180e-01 -7.56951081e-03 -1.96709009e-01
1.61742397e-16 6.70342857e-05 -2.57269560e-03 3.86736263e-03 9.02384615e-03 -1.97899662e-01
2.10838629e-03 -9.87017350e-04 -2.83372017e-03 2.26877922e-01 -1.12300497e-02 -2.17978475e-01
1.12033417e-16 6.70342857e-05 -2.83813783e-03 3.86736263e-03 9.02384615e-03 -2.18318295e-01
2.00062944e-03 -9.08057636e-04 -2.56827856e-03 2.16927561e-01 -6.81759882e-03 -1.97559889e-01
1.14710120e-16 6.14477727e-05 -2.58375517e-03 3.54506381e-03 8.27181555e-03 -1.98750398e-01
1.93718002e-03 -9.08057636e-04 -2.82265987e-03 2.08386293e-01 -1.04781420e-02 -2.17127682e-01
1.18350316e-16 6.14477727e-05 -2.82707594e-03 3.54506381e-03 8.27181555e-03 -2.17467380e-01
1.82942278e-03 -8.29097381e-04 -2.57933628e-03 1.98435909e-01 -6.06564125e-03 -1.98410483e-01
1.25544167e-16 5.58624723e-05 -2.59481278e-03 3.22283494e-03 7.51994820e-03 -1.99600983e-01
1.76597358e-03 -8.29097381e-04 -2.81159690e-03 1.89894671e-01 -9.72617174e-03 -2.16276685e-01
1.32787883e-16 5.58624723e-05 -2.81601688e-03 3.22283494e-03 7.51994820e-03 -2.16616683e-01
1.65821232e-03 -7.50132612e-04 -2.59039608e-03 1.79944008e-01 -5.31329468e-03 -1.99261237e-01
1.82713902e-16 5.02833527e-05 -2.60588374e-03 2.90096265e-03 6.76891286e-03 -2.00452595e-01
1.59476225e-03 -7.50132612e-04 -2.80054305e-03 1.71402652e-01 -8.97387571e-03 -2.15426389e-01
1.31777289e-16 5.02833527e-05 -2.80499566e-03 2.90096265e-03 6.76891286e-03 -2.15768897e-01
1.48697624e-03 -6.71142465e-04 -2.60149123e-03 1.61450121e-01 -4.55901007e-03 -2.00114710e-01
-5.28942240e-17 4.47292641e-05 -2.61704276e-03 2.58053447e-03 6.02124709e-03 -2.01310982e-01
1.42351731e-03 -6.71142465e-04 -2.78955856e-03 1.52907573e-01 -8.22010212e-03 -2.14581428e-01
-6.78479298e-17 4.47292641e-05 -2.79416161e-03 2.58053447e-03 6.02124709e-03 -2.14935508e-01
1.31562287e-03 -5.92045647e-04 -2.61276775e-03 1.42946599e-01 -3.79713326e-03 -2.00982135e-01
-9.20894615e-17 3.92605983e-05 -2.62858226e-03 2.26503451e-03 5.28508053e-03 -2.02198635e-01
1.25211968e-03 -5.92045647e-04 -2.77888695e-03 1.34398093e-01 -7.46077860e-03 -2.13760535e-01
-1.46586889e-16 3.92605983e-05 -2.78404629e-03 2.26503451e-03 5.28508053e-03 -2.14157407e-01
1.14383495e-03 -5.12575780e-04 -2.62475459e-03 1.24406102e-01 -3.01010788e-03 -2.01904199e-01
9.25506719e-17 3.40413926e-05 -2.64147163e-03 1.96392650e-03 4.58249516e-03 -2.03190125e-01
1.08015950e-03 -5.12575780e-04 -2.76935622e-03 1.15834407e-01 -6.68369159e-03 -2.13027402e-01
-4.79926874e-18 3.40413926e-05 -2.77626866e-03 1.96392650e-03 4.58249516e-03 -2.13559128e-01
9.70672856e-04 -4.31988419e-04 -2.63908923e-03 1.05745091e-01 -2.15193004e-03 -2.03006864e-01
3.88676693e-16 2.94252512e-05 -2.65845482e-03 1.69761065e-03 3.96109151e-03 -2.04496524e-01
9.06428149e-04 -4.31988419e-04 -2.76337209e-03 9.70967652e-02 -5.85835545e-03 -2.12567084e-01
3.23839667e-16 2.94252512e-05 -2.77497287e-03 1.69761065e-03 3.96109151e-03 -2.13459451e-01
7.93810505e-04 -3.48594036e-04 -2.66005084e-03 8.67479120e-02 -1.12936035e-03 -2.04619295e-01
3.21585692e-16 2.58444929e-05 -2.68586494e-03 1.49102844e-03 3.47906635e-03 -2.06604996e-01
7.27946967e-04 -3.48594036e-04 -2.76669390e-03 7.78816666e-02 -4.92917981e-03 -2.12822608e-01
3.73949727e-16 2.58444929e-05 -2.78820391e-03 1.49102844e-03 3.47906635e-03 -2.14477224e-01
6.08978280e-04 -2.59900304e-04 -2.69627888e-03 6.69835970e-02 1.46782829e-04 -2.07406068e-01
2.08246936e-16 2.24120424e-05 -2.73337773e-03 1.29300245e-03 3.01700571e-03 -2.10259826e-01
5.39276534e-04 -2.59900304e-04 -2.78890739e-03 5.76006697e-02 -3.87447171e-03 -2.14531338e-01
2.05373006e-16 2.24120424e-05 -2.82212489e-03 1.29300245e-03 3.01700571e-03 -2.17086530e-01
4.13720675e-04 -1.67499364e-04 -2.75594869e-03 4.60297430e-02 1.32050915e-03 -2.11996053e-01
1.84337862e-16 1.08021285e-05 -2.79611742e-03 6.23199721e-04 1.45413268e-03 -2.15085955e-01
3.37292922e-04 -1.67499364e-04 -2.82932136e-03 3.57413915e-02 -3.08878434e-03 -2.17640105e-01
2.24909561e-16 1.08021285e-05 -2.83889166e-03 6.23199721e-04 1.45413268e-03 -2.18376282e-01
2.29759505e-04 -9.92119280e-05 -2.80615967e-03 2.52053991e-02 -1.00095786e-04 -2.15858436e-01
1.73947514e-16 -3.99769962e-05 -2.76729584e-03 -2.30636517e-03 -5.38151872e-03 -2.12868910e-01
1.48852998e-04 -9.92119280e-05 -2.79914303e-03 1.43141386e-02 -4.76777886e-03 -2.15318695e-01
2.17060507e-16 -3.99769962e-05 -2.60899501e-03 -2.30636517e-03 -5.38151872e-03 -2.00691924e-01
1.60154045e-04 -1.56742001e-04 -2.62160486e-03 1.25163906e-02 -1.18602282e-02 -2.01661912e-01
7.43456987e-17 -1.85539609e-04 -2.20582732e-03 -1.07042082e-02 -2.49764858e-02 -1.69679024e-01
9.61709430e-05 -1.56742001e-04 -2.28568355e-03 3.90328075e-03 -1.55515611e-02 -1.75821811e-01
3.32480491e-03 8.37733135e-06 8.90923235e-04 4.48053199e-01 1.92943385e-01 6.85325565e-02
6.23034123e-03 0.00000000e+00 -7.45291729e-04 8.38699781e-01 3.59442763e-01 -5.73301330e-02
3.40147116e-03 8.37733135e-06 -1.47539455e-03 4.58373657e-01 1.97366439e-01 -1.13491889e-01
7.65170131e-03 -2.63825741e-03 -1.41041802e-03 8.77829556e-01 8.62942702e-02 -1.08493694e-01
3.91927774e-03 -1.18032141e-03 -1.76956068e-03 4.59499615e-01 6.72227571e-02 -1.36120052e-01
7.60307927e-03 -2.63825741e-03 -2.56478796e-03 8.71284281e-01 8.34891523e-02 -1.97291382e-01
3.88380087e-03 -1.18032141e-03 -2.73482280e-03 4.54723882e-01 6.51760142e-02 -2.10370984e-01
8.05079878e-03 -3.40358759e-03 -2.34272106e-03 8.87400551e-01 6.29390695e-03 -1.80209312e-01
3.96426711e-03 -1.52256804e-03 -2.31192719e-03 4.45810878e-01 2.37466354e-02 -1.77840553e-01
7.88714728e-03 -3.40358759e-03 -2.86844123e-03 8.65370542e-01 -3.14752532e-03 -2.20649325e-01
3.88457353e-03 -1.52256804e-03 -2.85179684e-03 4.35082895e-01 1.91489287e-02 -2.19368987e-01
7.74272992e-03 -3.41696897e-03 -2.34372367e-03 8.45157741e-01 -1.32806349e-02 -1.80286436e-01
3.78149465e-03 -1.50551433e-03 -2.34582398e-03 4.22190760e-01 1.54977614e-02 -1.80447998e-01
7.58093073e-03 -3.41696897e-03 -2.80560643e-03 8.23377080e-01 -2.26152037e-02 -2.15815879e-01
3.70335090e-03 -1.50551433e-03 -2.79680212e-03 4.11671410e-01 1.09894687e-02 -2.15138624e-01
7.32918746e-03 -3.24901237e-03 -2.28676833e-03 7.99178367e-01 -1.45293120e-02 -1.75905256e-01
3.57434344e-03 -1.41856433e-03 -2.31512481e-03 3.99321367e-01 1.52515384e-02 -1.78086524e-01
7.18519747e-03 -3.24901237e-03 -2.73982953e-03 7.79795099e-01 -2.28364269e-02 -2.10756118e-01
3.50369753e-03 -1.41856433e-03 -2.74985635e-03 3.89811341e-01 1.11758128e-02 -2.11527412e-01
6.94088135e-03 -3.06930836e-03 -2.26455693e-03 7.57273930e-01 -1.27406635e-02 -1.74196687e-01
3.38263321e-03 -1.33393191e-03 -2.29982402e-03 3.78396861e-01 1.55841591e-02 -1.76909540e-01
6.80748195e-03 -3.06930836e-03 -2.70334045e-03 7.39316318e-01 -2.04367828e-02 -2.07949266e-01
3.31643040e-03 -1.33393191e-03 -2.72275195e-03 3.69484944e-01 1.17647662e-02 -2.09442458e-01
6.57884671e-03 -2.90254724e-03 -2.26372377e-03 7.18159332e-01 -1.11786642e-02 -1.74132597e-01
3.20301485e-03 -1.25823048e-03 -2.29980277e-03 3.58584855e-01 1.54121376e-02 -1.76907905e-01
6.44986074e-03 -2.90254724e-03 -2.68311176e-03 7.00795836e-01 -1.86201625e-02 -2.06393212e-01
3.13867408e-03 -1.25823048e-03 -2.70600444e-03 3.49923598e-01 1.17001701e-02 -2.08154188e-01
6.22959315e-03 -2.74455860e-03 -2.27125743e-03 6.80259158e-01 -1.00602069e-02 -1.74712110e-01
3.02894584e-03 -1.18751844e-03 -2.30705764e-03 3.39232030e-01 1.48886240e-02 -1.77465972e-01
6.10212278e-03 -2.74455860e-03 -2.66926697e-03 6.63099685e-01 -1.74142669e-02 -2.05328229e-01
2.96524944e-03 -1.18751844e-03 -2.69323979e-03 3.30657515e-01 1.12138318e-02 -2.07172292e-01
5.88514668e-03 -2.59037100e-03 -2.28145468e-03 6.42786803e-01 -9.17609520e-03 -1.75496514e-01
2.85690566e-03 -1.11881534e-03 -2.31700625e-03 3.20036415e-01 1.42117227e-02 -1.78231250e-01
5.75812049e-03 -2.59037100e-03 -2.65749746e-03 6.25687124e-01 -1.65045291e-02 -2.04422882e-01
2.79339998e-03 -1.11881534e-03 -2.68175241e-03 3.11487574e-01 1.05479338e-02 -2.06288647e-01
5.54222459e-03 -2.43751801e-03 -2.29236189e-03 6.05442656e-01 -8.38369819e-03 -1.76335530e-01
2.68549542e-03 -1.05078389e-03 -2.32779626e-03 3.00886851e-01 1.34807505e-02 -1.79061250e-01
5.41530709e-03 -2.43751801e-03 -2.64629955e-03 5.88357607e-01 -1.57058618e-02 -2.03561504e-01
2.62203713e-03 -1.05078389e-03 -2.67061189e-03 2.92344389e-01 9.81969534e-03 -2.05431684e-01
5.19971304e-03 -2.28506372e-03 -2.30341774e-03 5.68130772e-01 -7.62128651e-03 -1.77185980e-01
2.51425108e-03 -9.82943956e-04 -2.33880863e-03 2.81748571e-01 1.27335684e-02 -1.79908356e-01
5.07281509e-03 -2.28506372e-03 -2.63522885e-03 5.51048355e-01 -1.49423225e-02 -2.02709912e-01
2.45080162e-03 -9.82943956e-04 -2.65954682e-03 2.73207298e-01 9.07302262e-03 -2.04580525e-01
4.85729003e-03 -2.13270942e-03 -2.31449010e-03 5.30825037e-01 -6.86722745e-03 -1.78037700e-01
2.34304131e-03 -9.15149219e-04 -2.34986726e-03 2.62612337e-01 1.19822960e-02 -1.80759020e-01
4.73039285e-03 -2.13270942e-03 -2.62417589e-03 5.13742725e-01 -1.41882186e-02 -2.01859684e-01
2.27959240e-03 -9.15149219e-04 -2.64849139e-03 2.54071137e-01 8.32178174e-03 -2.03730107e-01
4.51487845e-03 -1.98037424e-03 -2.32555744e-03 4.93519739e-01 -6.11508308e-03 -1.78889034e-01
2.17183563e-03 -8.47362217e-04 -2.36093073e-03 2.43476207e-01 1.12302186e-02 -1.81610056e-01
4.38797994e-03 -1.98037424e-03 -2.61312066e-03 4.76437247e-01 -1.34361514e-02 -2.01009282e-01
2.10838629e-03 -8.47362217e-04 -2.63743379e-03 2.34934949e-01 7.56967966e-03 -2.02879522e-01
4.17246548e-03 -1.82804086e-03 -2.33661992e-03 4.56214150e-01 -5.36326137e-03 -1.79739994e-01
2.00062944e-03 -7.79575673e-04 -2.37199194e-03 2.24339982e-01 1.04780501e-02 -1.82460919e-01
4.04556638e-03 -1.82804086e-03 -2.60206191e-03 4.39131578e-01 -1.26843634e-02 -2.00158608e-01
1.93718002e-03 -7.79575673e-04 -2.62637325e-03 2.15798714e-01 6.81750693e-03 -2.02028712e-01
3.83005157e-03 -1.67570711e-03 -2.34767917e-03 4.18908456e-01 -4.61144290e-03 -1.80590706e-01
1.82942278e-03 -7.11788055e-04 -2.38305035e-03 2.05203755e-01 9.72599884e-03 -1.83311565e-01
3.70315282e-03 -1.67570711e-03 -2.59100001e-03 4.01825931e-01 -1.19325248e-02 -1.99307693e-01
1.76597358e-03 -7.11788055e-04 -2.61531097e-03 1.96662517e-01 6.06546835e-03 -2.01177767e-01
3.48763723e-03 -1.52337077e-03 -2.35873548e-03 3.81602852e-01 -3.85930153e-03 -1.81441191e-01
1.65821232e-03 -6.43992362e-04 -2.39410744e-03 1.86067484e-01 8.97481589e-03 -1.84162110e-01
3.36073936e-03 -1.52337077e-03 -2.57993412e-03 3.64520446e-01 -1.11803327e-02 -1.98456471e-01
1.59476225e-03 -6.43992362e-04 -2.60425441e-03 1.77526128e-01 5.31423486e-03 -2.00327262e-01
3.14521244e-03 -1.37101537e-03 -2.36979096e-03 3.44296941e-01 -3.10519771e-03 -1.82291612e-01
1.48697624e-03 -5.76154115e-04 -2.40517518e-03 1.66930218e-01 8.22788317e-03 -1.85013475e-01
3.01831299e-03 -1.37101537e-03 -2.56886533e-03 3.27214323e-01 -1.04263196e-02 -1.97605025e-01
1.42351731e-03 -5.76154115e-04 -2.59324252e-03 1.58387670e-01 4.56679111e-03 -1.99480194e-01
2.80272076e-03 -1.21856724e-03 -2.38086558e-03 3.06987376e-01 -2.34246953e-03 -1.83143506e-01
1.31562287e-03 -5.08142781e-04 -2.41631479e-03 1.47787149e-01 7.49748337e-03 -1.85870369e-01
2.67580164e-03 -1.21856724e-03 -2.55781566e-03 2.89902110e-01 -9.66472648e-03 -1.96755050e-01
1.25211968e-03 -5.08142781e-04 -2.58243399e-03 1.39238643e-01 3.83383803e-03 -1.98648769e-01
2.45993586e-03 -1.06576215e-03 -2.39206054e-03 2.69658933e-01 -1.54860603e-03 -1.84004657e-01
1.14383495e-03 -4.39540926e-04 -2.42776871e-03 1.28619651e-01 6.82150711e-03 -1.86751440e-01
2.33291548e-03 -1.06576215e-03 -2.54690764e-03 2.52560037e-01 -8.87670454e-03 -1.95915973e-01
1.08015950e-03 -4.39540926e-04 -2.57237035e-03 1.20047956e-01 3.14792339e-03 -1.97874642e-01
2.11609857e-03 -9.11793358e-04 -2.40377083e-03 2.32255960e-01 -6.58803565e-04 -1.84905449e-01
9.70672856e-04 -3.69216092e-04 -2.44034230e-03 1.09366571e-01 6.29819086e-03 -1.87718639e-01
1.98867926e-03 -9.11793358e-04 -2.53663861e-03 2.15103360e-01 -8.00991796e-03 -1.95126047e-01
9.06428149e-04 -3.69216092e-04 -2.56462517e-03 1.00718246e-01 2.59176546e-03 -1.97278859e-01
1.76903775e-03 -7.54595350e-04 -2.41728985e-03 1.94605350e-01 4.79726942e-04 -1.85945373e-01
7.93810505e-04 -2.94731153e-04 -2.45629591e-03 8.98553860e-02 6.12141234e-03 -1.88945840e-01
1.64029254e-03 -7.54595350e-04 -2.52867210e-03 1.77274264e-01 -6.94788157e-03 -1.94513238e-01
7.27946967e-04 -2.94731153e-04 -2.56293898e-03 8.09891406e-02 2.32159288e-03 -1.97149152e-01
1.41367788e-03 -5.90184927e-04 -2.43617771e-03 1.56253661e-01 2.11036825e-03 -1.87398285e-01
6.08978280e-04 -2.13115843e-04 -2.48065011e-03 6.96827005e-02 6.44469108e-03 -1.90819239e-01
1.28116281e-03 -5.90184927e-04 -2.52760997e-03 1.38415095e-01 -5.53473162e-03 -1.94431536e-01
5.39276534e-04 -2.13115843e-04 -2.57327862e-03 6.02997733e-02 2.42343654e-03 -1.97944509e-01
1.04205952e-03 -4.15798724e-04 -2.46800966e-03 1.16288855e-01 4.14591320e-03 -1.89846897e-01
4.13720675e-04 -1.30440568e-04 -2.51951239e-03 4.81677504e-02 6.30919324e-03 -1.93808646e-01
9.00717758e-04 -4.15798724e-04 -2.54277618e-03 9.72620795e-02 -4.00841916e-03 -1.95598168e-01
3.37292922e-04 -1.30440568e-04 -2.59288506e-03 3.78793990e-02 1.89989975e-03 -1.99452697e-01
6.57249352e-04 -2.52666328e-04 -2.51992370e-03 7.38989708e-02 3.90545699e-03 -1.93840285e-01
2.29759505e-04 -1.02755866e-04 -2.55586793e-03 2.50009411e-02 -5.77164302e-04 -1.96605226e-01
5.01348681e-04 -2.52666328e-04 -2.57699859e-03 5.29123420e-02 -5.08881250e-03 -1.98230661e-01
1.48852998e-04 -1.02755866e-04 -2.54885129e-03 1.41096806e-02 -5.24484738e-03 -1.96065484e-01
3.42629711e-04 -2.29025381e-04 -2.55084217e-03 3.29102276e-02 -1.10632410e-02 -1.96218629e-01
1.60154045e-04 -3.26407883e-04 -2.42366723e-03 2.72797433e-03 -3.46998663e-02 -1.86435941e-01
1.82834508e-04 -2.29025381e-04 -2.52257202e-03 1.13993348e-02 -2.02821951e-02 -1.94044002e-01
9.61709430e-05 -3.26407883e-04 -2.08774592e-03 -5.88513557e-03 -3.83911991e-02 -1.60595840e-01
4.13055123e-04 -7.14335829e-04 -2.25137226e-03 1.43918917e-02 -7.23304892e-02 -1.73182482e-01
6.23034123e-03 0.00000000e+00 -7.45291729e-04 8.38699781e-01 3.59442763e-01 -5.73301330e-02
1.05297481e-02 -2.81740514e-03 -8.03437770e-04 1.25492349e+00 2.28219391e-01 -6.18029054e-02
7.65170131e-03 -2.05521254e-03 -1.26000125e-03 9.11466760e-01 1.64781079e-01 -9.69231732e-02
1.07739627e-02 -2.81740514e-03 -2.35252956e-03 1.28779853e+00 2.42308693e-01 -1.80963812e-01
7.60307927e-03 -2.05521254e-03 -2.41437119e-03 9.04921485e-01 1.61975961e-01 -1.85720861e-01
1.21822325e-02 -4.88177735e-03 -2.32236485e-03 1.35827492e+00 4.56587725e-02 -1.78643450e-01
8.05079878e-03 -3.13805881e-03 -1.83645008e-03 9.02719519e-01 4.20381663e-02 -1.41265391e-01
1.19515122e-02 -4.88177735e-03 -2.50178282e-03 1.32721641e+00 3.23479846e-02 -1.92444832e-01
7.88714728e-03 -3.13805881e-03 -2.36217025e-03 8.80689510e-01 3.25967340e-02 -1.81705404e-01
1.18200859e-02 -5.11870261e-03 -1.88802250e-03 1.29585565e+00 -7.12808534e-03 -1.45232500e-01
7.74272992e-03 -3.18368295e-03 -1.84318296e-03 8.58616550e-01 1.81232523e-02 -1.41783305e-01
1.15806981e-02 -5.11870261e-03 -2.30393369e-03 1.26363036e+00 -2.09389254e-02 -1.77225668e-01
7.58093073e-03 -3.18368295e-03 -2.30506571e-03 8.36835889e-01 8.78868356e-03 -1.77312747e-01
1.12248703e-02 -4.91504325e-03 -1.77406298e-03 1.22748004e+00 -1.40517669e-02 -1.36466383e-01
7.32918746e-03 -3.02018191e-03 -1.84132202e-03 8.12380124e-01 1.62747884e-02 -1.41640156e-01
1.10131265e-02 -4.91504325e-03 -2.25043599e-03 1.19897607e+00 -2.62677573e-02 -1.73110461e-01
7.18519747e-03 -3.02018191e-03 -2.29438322e-03 7.92996856e-01 7.96767352e-03 -1.76491017e-01
1.06568258e-02 -4.65851614e-03 -1.77863022e-03 1.16581216e+00 -1.22910684e-02 -1.36817709e-01
6.94088135e-03 -2.84768922e-03 -1.85187359e-03 7.70059650e-01 1.70926829e-02 -1.42451815e-01
1.04593736e-02 -4.65851614e-03 -2.24167335e-03 1.13923205e+00 -2.36825451e-02 -1.72436412e-01
6.80748195e-03 -2.84768922e-03 -2.29065711e-03 7.52102038e-01 9.39656352e-03 -1.76204393e-01
1.01208742e-02 -4.41332262e-03 -1.80015687e-03 1.10781061e+00 -1.02045310e-02 -1.38473606e-01
6.57884671e-03 -2.69072432e-03 -1.86469378e-03 7.30379885e-01 1.73359600e-02 -1.43437983e-01
9.92858351e-03 -4.41332262e-03 -2.23701489e-03 1.08192532e+00 -2.12982266e-02 -1.72078068e-01
6.44986074e-03 -2.69072432e-03 -2.28408177e-03 7.13016389e-01 9.89446165e-03 -1.75698597e-01
9.59984925e-03 -4.17947316e-03 -1.81805969e-03 1.05116395e+00 -8.78393069e-03 -1.39850745e-01
6.22959315e-03 -2.54353343e-03 -1.87691609e-03 6.91856765e-01 1.70008742e-02 -1.44378161e-01
9.40908118e-03 -4.17947316e-03 -2.22952603e-03 1.02548363e+00 -1.97897805e-02 -1.71502002e-01
6.10212278e-03 -2.54353343e-03 -2.27492563e-03 6.74697291e-01 9.64681422e-03 -1.74994279e-01
9.08415852e-03 -3.95098604e-03 -1.83205558e-03 9.94925991e-01 -7.77743686e-03 -1.40927352e-01
5.88514668e-03 -2.40044071e-03 -1.88848746e-03 6.53744320e-01 1.63914436e-02 -1.45268266e-01
8.89375598e-03 -3.95098604e-03 -2.21991250e-03 9.69294880e-01 -1.87621987e-02 -1.70762500e-01
5.75812049e-03 -2.40044071e-03 -2.26453025e-03 6.36644641e-01 9.06300966e-03 -1.74194634e-01
8.57006579e-03 -3.72446985e-03 -1.84414126e-03 9.38789442e-01 -6.94406936e-03 -1.41857020e-01
5.54222459e-03 -2.25875250e-03 -1.89973090e-03 6.15756051e-01 1.56808904e-02 -1.46133146e-01
8.37972436e-03 -3.72446985e-03 -2.20933981e-03 9.13166557e-01 -1.79253057e-02 -1.69949216e-01
5.41530709e-03 -2.25875250e-03 -2.25366856e-03 5.98671003e-01 8.35872680e-03 -1.73359120e-01
8.05637137e-03 -3.49856472e-03 -1.85550653e-03 8.82671258e-01 -6.16997958e-03 -1.42731272e-01
5.19971304e-03 -2.11747380e-03 -1.91084722e-03 5.77799421e-01 1.49388947e-02 -1.46988247e-01
7.86602947e-03 -3.49856472e-03 -2.19842011e-03 8.57048310e-01 -1.71512431e-02 -1.69109239e-01
5.07281509e-03 -2.11747380e-03 -2.24265833e-03 5.60717004e-01 7.61785874e-03 -1.72512179e-01
7.54275068e-03 -3.27281958e-03 -1.86664280e-03 8.26553770e-01 -5.41317272e-03 -1.43587908e-01
4.85729003e-03 -1.97629447e-03 -1.92192198e-03 5.39848976e-01 1.41886302e-02 -1.47840152e-01
7.35240259e-03 -3.27281958e-03 -2.18739367e-03 8.00929989e-01 -1.63947933e-02 -1.68261052e-01
4.73039285e-03 -1.97629447e-03 -2.23160776e-03 5.22766664e-01 6.86763901e-03 -1.71662136e-01
7.02913389e-03 -3.04710732e-03 -1.87771724e-03 7.70434909e-01 -4.66056899e-03 -1.44439788e-01
4.51487845e-03 -1.83513288e-03 -1.93298518e-03 5.01899049e-01 1.34366386e-02 -1.48691167e-01
6.83878232e-03 -3.04710732e-03 -2.17633954e-03 7.44810659e-01 -1.56423903e-02 -1.67410734e-01
4.38797994e-03 -1.83513288e-03 -2.22054840e-03 4.84816556e-01 6.11557022e-03 -1.70811415e-01
6.51551248e-03 -2.82139882e-03 -1.88877841e-03 7.14315210e-01 -3.90873610e-03 -1.45290647e-01
4.17246548e-03 -1.69397241e-03 -1.94404586e-03 4.63948868e-01 1.26844144e-02 -1.49541989e-01
6.32515962e-03 -2.82139882e-03 -2.16527999e-03 6.88690786e-01 -1.48906320e-02 -1.66559999e-01
4.04556638e-03 -1.69397241e-03 -2.20948784e-03 4.46866296e-01 5.36331239e-03 -1.69960603e-01
6.00188873e-03 -2.59568989e-03 -1.89983798e-03 6.58195220e-01 -3.15698123e-03 -1.46141383e-01
3.83005157e-03 -1.55281153e-03 -1.95510618e-03 4.25998585e-01 1.19321927e-02 -1.50392783e-01
5.81153581e-03 -2.59568989e-03 -2.15421999e-03 6.32570789e-01 -1.41388805e-02 -1.65709230e-01
3.70315282e-03 -1.55281153e-03 -2.19842702e-03 4.08916061e-01 4.61111084e-03 -1.69109770e-01
5.48826540e-03 -2.36998065e-03 -1.91089713e-03 6.02075305e-01 -2.40516069e-03 -1.46992087e-01
3.48763723e-03 -1.41164858e-03 -1.96616521e-03 3.88048363e-01 1.11802234e-02 -1.51243478e-01
5.29791354e-03 -2.36998065e-03 -2.14315826e-03 5.76451016e-01 -1.33869985e-02 -1.64858328e-01
3.36073936e-03 -1.41164858e-03 -2.18736386e-03 3.70965957e-01 3.85919227e-03 -1.68258758e-01
4.97464333e-03 -2.14426686e-03 -1.92195109e-03 5.45955821e-01 -1.65265417e-03 -1.47842392e-01
3.14521244e-03 -1.27046763e-03 -1.97721583e-03 3.50097772e-01 1.04300751e-02 -1.52093525e-01
4.78429429e-03 -2.14426686e-03 -2.13208385e-03 5.20331913e-01 -1.26343290e-02 -1.64006450e-01
3.01831299e-03 -1.27046763e-03 -2.17629020e-03 3.33015155e-01 3.10895319e-03 -1.67406938e-01
4.46101302e-03 -1.91852112e-03 -1.93297959e-03 4.89837072e-01 -8.96322851e-04 -1.48690738e-01
2.80272076e-03 -1.12919396e-03 -1.98822958e-03 3.12143527e-01 9.68854955e-03 -1.52940737e-01
4.27066851e-03 -1.91852112e-03 -2.12095299e-03 4.64213773e-01 -1.18777368e-02 -1.63150230e-01
2.67580164e-03 -1.12919396e-03 -2.16517966e-03 2.95058261e-01 2.36629260e-03 -1.66552281e-01
3.94731665e-03 -1.69262878e-03 -1.94391288e-03 4.33717889e-01 -1.24067439e-04 -1.49531760e-01
2.45993586e-03 -9.87552555e-04 -1.99911130e-03 2.74171025e-01 8.97960924e-03 -1.53777792e-01
3.75696951e-03 -1.69262878e-03 -2.10961911e-03 4.08094236e-01 -1.11056333e-02 -1.62278393e-01
2.33291548e-03 -9.87552555e-04 -2.15395841e-03 2.57072129e-01 1.65151072e-03 -1.65689108e-01
3.43331231e-03 -1.46619495e-03 -1.95454406e-03 3.77588487e-01 7.03313477e-04 -1.50349543e-01
2.11609857e-03 -8.44684998e-04 -2.00958744e-03 2.36127596e-01 8.37501406e-03 -1.54583649e-01
3.24290307e-03 -1.46619495e-03 -2.09766194e-03 3.51956473e-01 -1.02818351e-02 -1.61358611e-01
1.98867926e-03 -8.44684998e-04 -2.14245521e-03 2.18974996e-01 1.02389966e-03 -1.64804247e-01
2.91816602e-03 -1.23806425e-03 -1.96435951e-03 3.21403258e-01 1.69323705e-03 -1.51104578e-01
1.76903775e-03 -6.98338820e-04 -2.01900466e-03 1.97850919e-01 8.05272139e-03 -1.55308051e-01
2.72741799e-03 -1.23806425e-03 -2.08409201e-03 2.95725638e-01 -9.31145705e-03 -1.60314770e-01
1.64029254e-03 -6.98338820e-04 -2.13038691e-03 1.80519833e-01 6.25112878e-04 -1.63875916e-01
2.39945007e-03 -1.00547355e-03 -1.97241387e-03 2.64994804e-01 3.07760261e-03 -1.51724144e-01
1.41367788e-03 -5.44004660e-04 -2.02623014e-03 1.58917907e-01 8.32694260e-03 -1.55863857e-01
2.20734966e-03 -1.00547355e-03 -2.06731397e-03 2.39135134e-01 -8.00511343e-03 -1.59024152e-01
1.28116281e-03 -5.44004660e-04 -2.11766240e-03 1.41079341e-01 6.81842729e-04 -1.62897108e-01
1.87149601e-03 -7.64015696e-04 -1.97818364e-03 2.07854326e-01 5.12265661e-03 -1.52167972e-01
1.04205952e-03 -3.78035927e-04 -2.03075589e-03 1.18467478e-01 9.22936672e-03 -1.56211992e-01
1.67496484e-03 -7.64015696e-04 -2.04762007e-03 1.81398208e-01 -6.21567960e-03 -1.57509236e-01
9.00717758e-04 -3.78035927e-04 -2.10552242e-03 9.94407024e-02 1.07503435e-03 -1.61963263e-01
1.32643640e-03 -5.16255405e-04 -1.98686950e-03 1.48774780e-01 7.02925694e-03 -1.52836116e-01
6.57249352e-04 -2.23839156e-04 -2.03763061e-03 7.55620769e-02 7.78603773e-03 -1.56740816e-01
1.11810326e-03 -5.16255405e-04 -2.03986706e-03 1.20729935e-01 -4.98996235e-03 -1.56912851e-01
5.01348681e-04 -2.23839156e-04 -2.09470550e-03 5.45754480e-02 -1.20823176e-03 -1.61131192e-01
7.80193903e-04 -3.23015884e-04 -2.02462749e-03 8.63905705e-02 1.52827922e-03 -1.55740576e-01
3.42629711e-04 -2.43303961e-04 -2.05650098e-03 3.20864633e-02 -1.29853576e-02 -1.58192383e-01
5.50448599e-04 -3.23015884e-04 -2.10360505e-03 5.54633181e-02 -1.17262575e-02 -1.61815773e-01
1.82834508e-04 -2.43303961e-04 -2.02823084e-03 1.05755706e-02 -2.22043117e-02 -1.56017757e-01
4.31116921e-04 -5.04157632e-04 -2.11834534e-03 2.89489529e-02 -4.29952435e-02 -1.62949642e-01
4.13055123e-04 -9.65546002e-04 -1.92295377e-03 -1.01002864e-04 -1.06147243e-01 -1.47919521e-01
2.11024695e-04 -5.04157632e-04 -2.21648166e-03 -6.78846699e-04 -5.56928719e-02 -1.70498589e-01
1.05297481e-02 -2.03499564e-03 -1.55893806e-03 1.30006250e+00 3.33543748e-01 -1.19918312e-01
1.34936066e-02 0.00000000e+00 -5.03424860e-03 1.81644704e+00 7.78477302e-01 -3.87249892e-01
1.07739627e-02 -2.03499564e-03 -3.10802985e-03 1.33293754e+00 3.47633050e-01 -2.39079219e-01
1.69454025e-02 -6.29866153e-03 -3.38552012e-03 1.91772756e+00 1.29722631e-01 -2.60424625e-01
1.21822325e-02 -4.79115759e-03 -1.60861026e-03 1.36350298e+00 5.78575864e-02 -1.23739251e-01
1.63095076e-02 -6.29866153e-03 -2.61089179e-03 1.83212632e+00 9.30363875e-02 -2.00837830e-01
1.19515122e-02 -4.79115759e-03 -1.78802824e-03 1.33244448e+00 4.45467985e-02 -1.37540633e-01
1.60014055e-02 -6.82226291e-03 -1.29232307e-03 1.76044326e+00 4.77646345e-03 -9.94094669e-02
1.18200859e-02 -4.90863574e-03 -1.14745399e-03 1.30797489e+00 2.11501473e-02 -8.82656913e-02
1.56512456e-02 -6.82226291e-03 -1.62326171e-03 1.71330635e+00 -1.54250709e-02 -1.24866285e-01
1.15806981e-02 -4.90863574e-03 -1.56336517e-03 1.27574960e+00 7.33930730e-03 -1.20258859e-01
1.52002581e-02 -6.60384764e-03 -1.01420258e-03 1.66519738e+00 -1.20415209e-02 -7.80155831e-02
1.12248703e-02 -4.67443854e-03 -1.11901391e-03 1.24136108e+00 1.83373284e-02 -8.60779930e-02
1.49360395e-02 -6.60384764e-03 -1.51299540e-03 1.62962949e+00 -2.72849053e-02 -1.16384262e-01
1.10131265e-02 -4.67443854e-03 -1.59538693e-03 1.21285711e+00 6.12133798e-03 -1.22722071e-01
1.44987011e-02 -6.29723831e-03 -1.05801405e-03 1.58844602e+00 -1.12416314e-02 -8.13856959e-02
1.06568258e-02 -4.42464404e-03 -1.16779345e-03 1.17930478e+00 1.91917142e-02 -8.98302651e-02
1.42486615e-02 -6.29723831e-03 -1.54448740e-03 1.55478684e+00 -2.56669944e-02 -1.18806723e-01
1.04593736e-02 -4.42464404e-03 -1.63083658e-03 1.15272467e+00 7.80023752e-03 -1.25448968e-01
1.38172606e-02 -5.98855809e-03 -1.11364658e-03 1.51452212e+00 -9.00239797e-03 -8.56651213e-02
1.01208742e-02 -4.19267600e-03 -1.20528779e-03 1.12054022e+00 1.94978984e-02 -9.27144456e-02
1.35666445e-02 -5.98855809e-03 -1.56715930e-03 1.48078533e+00 -2.34610218e-02 -1.20550715e-01
9.92858351e-03 -4.19267600e-03 -1.64214581e-03 1.09465493e+00 8.40420272e-03 -1.26318908e-01
1.31360698e-02 -5.68495126e-03 -1.14671500e-03 1.44033913e+00 -7.43171902e-03 -8.82088464e-02
9.59984925e-03 -3.97165128e-03 -1.22790110e-03 1.06315367e+00 1.91920924e-02 -9.44539305e-02
1.28837612e-02 -5.68495126e-03 -1.57120468e-03 1.40637451e+00 -2.19879852e-02 -1.20861898e-01
9.40908118e-03 -3.97165128e-03 -1.63936744e-03 1.03747335e+00 8.18624255e-03 -1.26105188e-01
1.24529895e-02 -5.38422545e-03 -1.16602383e-03 1.36573558e+00 -6.35787705e-03 -8.96941409e-02
9.08415852e-03 -3.75508871e-03 -1.24302778e-03 1.00622776e+00 1.85933571e-02 -9.56175214e-02
1.21997750e-02 -5.38422545e-03 -1.56551957e-03 1.33164901e+00 -2.09664069e-02 -1.20424582e-01
8.89375598e-03 -3.75508871e-03 -1.63088470e-03 9.80596649e-01 7.60859528e-03 -1.25452669e-01
1.17688052e-02 -5.08463790e-03 -1.17967779e-03 1.29091775e+00 -5.50095301e-03 -9.07444453e-02
8.57006579e-03 -3.54001673e-03 -1.25530250e-03 9.49430968e-01 1.78861589e-02 -9.65617306e-02
1.15152369e-02 -5.08463790e-03 -1.55607777e-03 1.25678356e+00 -2.01298929e-02 -1.19698290e-01
8.37972436e-03 -3.54001673e-03 -1.62050105e-03 9.23808083e-01 6.90492253e-03 -1.24653927e-01
1.10841728e-02 -4.78542222e-03 -1.19142733e-03 1.21601813e+00 -4.71994581e-03 -9.16482559e-02
8.05637137e-03 -3.32536721e-03 -1.26666632e-03 8.92663422e-01 1.71450701e-02 -9.74358709e-02
1.08304895e-02 -4.78542222e-03 -1.54542604e-03 1.18186846e+00 -1.93555183e-02 -1.18878926e-01
7.86602947e-03 -3.32536721e-03 -1.60957990e-03 8.67040474e-01 6.16380661e-03 -1.23813839e-01
1.03993905e-02 -4.48630960e-03 -1.20263229e-03 1.14109240e+00 -3.96145679e-03 -9.25101764e-02
7.54275068e-03 -3.11081592e-03 -1.27778344e-03 8.35900135e-01 1.63950118e-02 -9.82910336e-02
1.01456755e-02 -4.48630960e-03 -1.53444394e-03 1.10693846e+00 -1.85988588e-02 -1.18034149e-01
7.35240259e-03 -3.11081592e-03 -1.59853431e-03 8.10276354e-01 5.41339119e-03 -1.22964178e-01
9.71456560e-03 -4.18722017e-03 -1.21370907e-03 1.06615959e+00 -3.20854687e-03 -9.33622358e-02
7.02913389e-03 -2.89628029e-03 -1.28884712e-03 7.79136469e-01 1.56430705e-02 -9.91420860e-02
9.46084352e-03 -4.18722017e-03 -1.52338938e-03 1.03200469e+00 -1.78463588e-02 -1.17183798e-01
6.83878232e-03 -2.89628029e-03 -1.58746942e-03 7.53512219e-01 4.66124920e-03 -1.22113032e-01
9.02973071e-03 -3.88813417e-03 -1.22476510e-03 9.91225240e-01 -2.45667385e-03 -9.42127000e-02
6.51551248e-03 -2.68174443e-03 -1.29990429e-03 7.22372194e-01 1.48908925e-02 -9.99926378e-02
8.77600757e-03 -3.88813417e-03 -1.51232546e-03 9.57070202e-01 -1.70945473e-02 -1.16332728e-01
6.32515962e-03 -2.68174443e-03 -1.57640586e-03 6.96747770e-01 3.90899666e-03 -1.21261990e-01
8.34489416e-03 -3.58904806e-03 -1.23582215e-03 9.16290672e-01 -1.70488309e-03 -9.50632427e-02
6.00188873e-03 -2.46720757e-03 -1.31096367e-03 6.65607662e-01 1.41387151e-02 -1.00843360e-01
8.09117101e-03 -3.58904806e-03 -1.50126394e-03 8.82135632e-01 -1.63427572e-02 -1.15481841e-01
5.81153581e-03 -2.46720757e-03 -1.56534568e-03 6.39983230e-01 3.15681580e-03 -1.20411206e-01
7.66005761e-03 -3.28996182e-03 -1.24688273e-03 8.41356111e-01 -9.53075741e-04 -9.59140561e-02
5.48826540e-03 -2.25267107e-03 -1.32202613e-03 6.08843165e-01 1.33865141e-02 -1.01694317e-01
7.40633458e-03 -3.28996182e-03 -1.49020575e-03 8.07201089e-01 -1.55909423e-02 -1.14631212e-01
5.29791354e-03 -2.25267107e-03 -1.55428725e-03 5.83218877e-01 2.40467629e-03 -1.19560558e-01
6.97522178e-03 -2.99087539e-03 -1.25794504e-03 7.66421659e-01 -2.01200183e-04 -9.67650029e-02
4.97464333e-03 -2.03813379e-03 -1.33308882e-03 5.52078883e-01 1.26344896e-02 -1.02545294e-01
6.72149993e-03 -2.99087539e-03 -1.47914758e-03 7.32266794e-01 -1.48389995e-02 -1.13780583e-01
4.78429429e-03 -2.03813379e-03 -1.54322157e-03 5.26454975e-01 1.65281473e-03 -1.18709352e-01
6.29038978e-03 -2.69178530e-03 -1.26899708e-03 6.91487934e-01 5.51389493e-04 -9.76151599e-02
4.46101302e-03 -1.82358022e-03 -1.34413131e-03 4.95314432e-01 1.18841836e-02 -1.03394716e-01
6.03667469e-03 -2.69178530e-03 -1.46806802e-03 6.57333980e-01 -1.40860195e-02 -1.12928310e-01
4.27066851e-03 -1.82358022e-03 -1.53210471e-03 4.69691133e-01 9.02769658e-04 -1.17854209e-01
5.60557429e-03 -2.39267333e-03 -1.27997997e-03 6.16557693e-01 1.30787600e-03 -9.84599976e-02
3.94731665e-03 -1.60893449e-03 -1.35505645e-03 4.38546406e-01 1.11424712e-02 -1.04235112e-01
5.35188804e-03 -2.39267333e-03 -1.45686820e-03 5.82407620e-01 -1.33278694e-02 -1.12066785e-01
3.75696951e-03 -1.60893449e-03 -1.52076269e-03 4.12922752e-01 1.60905387e-04 -1.16981745e-01
4.92081831e-03 -2.09346878e-03 -1.29066224e-03 5.41640804e-01 2.08025857e-03 -9.92817107e-02
3.43331231e-03 -1.39390950e-03 -1.36549552e-03 3.81758801e-01 1.04340463e-02 -1.05038117e-01
4.66723361e-03 -2.09346878e-03 -1.44517793e-03 5.07504403e-01 -1.25496276e-02 -1.11167533e-01
3.24290307e-03 -1.39390950e-03 -1.50861340e-03 3.56126788e-01 -5.51102272e-04 -1.16047184e-01
4.23624632e-03 -1.79394227e-03 -1.30027595e-03 4.66767259e-01 2.90659771e-03 -1.00021227e-01
2.91816602e-03 -1.17759021e-03 -1.37426290e-03 3.24892145e-01 9.83397361e-03 -1.05712531e-01
3.98296677e-03 -1.79394227e-03 -1.43182176e-03 4.32671934e-01 -1.17056841e-02 -1.10140135e-01
2.72741799e-03 -1.17759021e-03 -1.49399539e-03 2.99214525e-01 -1.17072048e-03 -1.14922723e-01
3.55215870e-03 -1.49347378e-03 -1.30665587e-03 3.92013261e-01 3.88768543e-03 -1.00511990e-01
2.39945007e-03 -9.57541767e-04 -1.37813355e-03 2.67760100e-01 9.52995849e-03 -1.06010273e-01
3.29964296e-03 -1.49347378e-03 -1.41365809e-03 3.58020758e-01 -1.06805304e-02 -1.08742930e-01
2.20734966e-03 -9.57541767e-04 -1.47303364e-03 2.41900429e-01 -1.55275755e-03 -1.13310280e-01
2.86909654e-03 -1.19082107e-03 -1.30488479e-03 3.17523319e-01 5.22196435e-03 -1.00375753e-01
1.87149601e-03 -7.28945002e-04 -1.37019638e-03 2.09877635e-01 9.84371150e-03 -1.05399722e-01
2.61798475e-03 -1.19082107e-03 -1.38422956e-03 2.83719809e-01 -9.26525431e-03 -1.06479197e-01
1.67496484e-03 -7.28945002e-04 -1.43963281e-03 1.83421517e-01 -1.49462472e-03 -1.10740986e-01
2.18750825e-03 -8.85466313e-04 -1.28804108e-03 2.43387670e-01 7.00501081e-03 -9.90800828e-02
1.32643640e-03 -4.89487597e-04 -1.34237175e-03 1.50319077e-01 1.06326158e-02 -1.03259365e-01
1.93705900e-03 -8.85466313e-04 -1.33779301e-03 2.09673347e-01 -7.44398446e-03 -1.02907155e-01
1.11810326e-03 -4.89487597e-04 -1.39536931e-03 1.22274232e-01 -1.38660350e-03 -1.07336101e-01
1.50710662e-03 -5.90370859e-04 -1.26448483e-03 1.68819880e-01 7.47545839e-03 -9.72680638e-02
7.80193903e-04 -2.83126194e-04 -1.31388922e-03 8.86918988e-02 6.89804526e-03 -1.01068401e-01
1.24798748e-03 -5.90370859e-04 -1.30694475e-03 1.33938458e-01 -7.47372232e-03 -1.00534211e-01
5.50448599e-04 -2.83126194e-04 -1.39286678e-03 5.77646464e-02 -6.35649148e-03 -1.07143598e-01
8.43128255e-04 -4.12477306e-04 -1.34163347e-03 8.97012667e-02 -6.88377646e-03 -1.03202575e-01
4.31116921e-04 -4.54591308e-04 -1.43746976e-03 3.18085485e-02 -3.63228538e-02 -1.10574597e-01
5.41748295e-04 -4.12477306e-04 -1.53727618e-03 4.91308875e-02 -2.42710818e-02 -1.18252014e-01
2.11024695e-04 -4.54591308e-04 -1.53560607e-03 2.18074890e-03 -4.90204822e-02 -1.18123544e-01
5.09628691e-04 -1.04488230e-03 -1.88843860e-03 8.32219112e-03 -1.11255578e-01 -1.45264508e-01
1.34936066e-02 0.00000000e+00 -5.03424860e-03 1.81644704e+00 7.78477302e-01 -3.87249892e-01
2.29487557e-02 -8.02483930e-03 -6.77863139e-03 2.62628408e+00 2.43699847e-01 -5.21433184e-01
1.69454025e-02 -6.68990791e-03 -1.41832068e-03 1.89515565e+00 7.70548477e-02 -1.09101591e-01
2.01031018e-02 -8.02483930e-03 -2.02466135e-03 2.24321528e+00 7.95275045e-02 -1.55743181e-01
1.63095076e-02 -6.68990791e-03 -6.43692351e-04 1.80955441e+00 4.03686043e-02 -4.95147962e-02
1.95988674e-02 -8.40355999e-03 -2.97618228e-04 2.15348830e+00 -5.44573259e-04 -2.28937098e-02
1.60014055e-02 -6.65511366e-03 -2.09071059e-04 1.77008649e+00 2.72773244e-02 -1.60823892e-02
1.93266010e-02 -8.40355999e-03 -5.44662874e-04 2.11683706e+00 -1.62522483e-02 -4.18971441e-02
1.56512456e-02 -6.65511366e-03 -5.40009695e-04 1.72294958e+00 7.07579010e-03 -4.15392073e-02
1.90150367e-02 -8.24156860e-03 -3.94034131e-05 2.08424136e+00 -1.24205817e-02 -3.03103178e-03
1.52002581e-02 -6.35191922e-03 -1.96817791e-04 1.67973172e+00 2.18719200e-02 -1.51398301e-02
1.88171954e-02 -8.24156860e-03 -5.72636643e-04 2.05760889e+00 -2.38344984e-02 -4.40489725e-02
1.49360395e-02 -6.35191922e-03 -6.95610610e-04 1.64416382e+00 6.62853556e-03 -5.35085085e-02
1.84084171e-02 -7.96086418e-03 -1.53457043e-04 2.01877552e+00 -9.63072841e-03 -1.18043879e-02
1.44987011e-02 -6.05153216e-03 -2.84493420e-04 1.60262137e+00 2.18341964e-02 -2.18841092e-02
1.81455257e-02 -7.96086418e-03 -6.59821898e-04 1.98338629e+00 -2.47975430e-02 -5.07555306e-02
1.42486615e-02 -6.05153216e-03 -7.70966776e-04 1.56896219e+00 7.40883340e-03 -5.93051366e-02
1.76590491e-02 -7.62183015e-03 -2.29720648e-04 1.93745872e+00 -7.22430200e-03 -1.76708191e-02
1.38172606e-02 -5.75949957e-03 -3.38342432e-04 1.52773703e+00 2.18324023e-02 -2.60263410e-02
1.73597486e-02 -7.62183015e-03 -6.96193023e-04 1.89716827e+00 -2.44916383e-02 -5.35533095e-02
1.35666445e-02 -5.75949957e-03 -7.91855157e-04 1.49400025e+00 7.37377850e-03 -6.09119351e-02
1.68392294e-02 -7.25973371e-03 -2.66633742e-04 1.84798855e+00 -5.77784201e-03 -2.05102879e-02
1.31360698e-02 -5.47055160e-03 -3.66175050e-04 1.45270834e+00 2.14297740e-02 -2.81673115e-02
1.65259972e-02 -7.25973371e-03 -7.02379038e-04 1.80582267e+00 -2.38489323e-02 -5.40291567e-02
1.28837612e-02 -5.47055160e-03 -7.90664725e-04 1.41874372e+00 6.87350782e-03 -6.08203634e-02
1.59935888e-02 -6.88999083e-03 -2.86099433e-04 1.75548364e+00 -4.79171653e-03 -2.20076487e-02
1.24529895e-02 -5.18244963e-03 -3.82681387e-04 1.37737649e+00 2.08042520e-02 -2.94370297e-02
1.56759363e-02 -6.88999083e-03 -6.96587967e-04 1.71272272e+00 -2.31178244e-02 -5.35836897e-02
1.21997750e-02 -5.18244963e-03 -7.82177121e-04 1.34328992e+00 6.19572224e-03 -6.01674708e-02
1.51400100e-02 -6.51808738e-03 -2.99477177e-04 1.66203476e+00 -3.97272507e-03 -2.30367059e-02
1.17688052e-02 -4.89452720e-03 -3.95240907e-04 1.30188567e+00 2.00908718e-02 -3.04031467e-02
1.48211707e-02 -6.51808738e-03 -6.86881541e-04 1.61911409e+00 -2.23672993e-02 -5.28370416e-02
1.15152369e-02 -4.89452720e-03 -7.71640886e-04 1.26775148e+00 5.46193186e-03 -5.93569913e-02
1.42843757e-02 -6.14568310e-03 -3.11055478e-04 1.56833809e+00 -3.20489547e-03 -2.39273444e-02
1.10841728e-02 -4.60662588e-03 -4.06634791e-04 1.22633331e+00 1.93487935e-02 -3.12795993e-02
1.39652823e-02 -6.14568310e-03 -6.76089226e-04 1.52538321e+00 -2.16141275e-02 -5.20068635e-02
1.08304895e-02 -4.60662588e-03 -7.60633501e-04 1.19218364e+00 4.71322096e-03 -5.85102693e-02
1.34283287e-02 -5.77320008e-03 -3.22189423e-04 1.47459039e+00 -2.45027873e-03 -2.47838018e-02
1.03993905e-02 -4.31871941e-03 -4.17741653e-04 1.15076106e+00 1.85987611e-02 -3.21339733e-02
1.31092040e-02 -5.77320008e-03 -6.65052227e-04 1.43163130e+00 -2.08613187e-02 -5.11578636e-02
1.01456755e-02 -4.31871941e-03 -7.49553301e-04 1.11660712e+00 3.96135911e-03 -5.76579463e-02
1.25722430e-02 -5.40072016e-03 -3.33242015e-04 1.38083732e+00 -1.69830869e-03 -2.56340012e-02
9.71456560e-03 -4.03080800e-03 -4.28796447e-04 1.07518337e+00 1.78469387e-02 -3.29843421e-02
1.22531248e-02 -5.40072016e-03 -6.53979658e-04 1.33787910e+00 -2.01089761e-02 -5.03061275e-02
9.46084352e-03 -4.03080800e-03 -7.38476760e-04 1.04102847e+00 3.20912676e-03 -5.68059047e-02
1.17161749e-02 -5.02824956e-03 -3.44290815e-04 1.28708606e+00 -9.46583889e-04 -2.64839089e-02
9.02973071e-03 -3.74289425e-03 -4.39849182e-04 9.99604466e-01 1.70948534e-02 -3.38345525e-02
1.13970632e-02 -5.02824956e-03 -6.42910370e-04 1.24412873e+00 -1.93568692e-02 -4.94546439e-02
8.77600757e-03 -3.74289425e-03 -7.27409546e-04 9.65449428e-01 2.45697992e-03 -5.59545804e-02
1.08601201e-02 -4.65578384e-03 -3.55345505e-04 1.19333633e+00 -1.94743831e-04 -2.73342696e-02
8.34489416e-03 -3.45497971e-03 -4.50906200e-04 9.24025384e-01 1.63427790e-02 -3.46850923e-02
1.05410113e-02 -4.65578384e-03 -6.31846754e-04 1.15037938e+00 -1.86048627e-02 -4.86035964e-02
8.09117101e-03 -3.45497971e-03 -7.16347984e-04 8.89870345e-01 1.70490484e-03 -5.51036911e-02
1.00040703e-02 -4.28331955e-03 -3.66404650e-04 1.09958718e+00 5.57191704e-04 -2.81849731e-02
7.66005761e-03 -3.16706514e-03 -4.61967181e-04 8.48446304e-01 1.55907087e-02 -3.55359370e-02
9.68496170e-03 -4.28331955e-03 -6.20787089e-04 1.05663026e+00 -1.78529175e-02 -4.77528530e-02
7.40633458e-03 -3.16706514e-03 -7.05290202e-04 8.14291282e-01 9.52842143e-04 -5.42530925e-02
9.14801914e-03 -3.91085421e-03 -3.77467504e-04 1.00583791e+00 1.30919170e-03 -2.90359618e-02
6.97522178e-03 -2.87915124e-03 -4.73033092e-04 7.72867284e-01 1.48385898e-02 -3.63871609e-02
8.82890828e-03 -3.91085421e-03 -6.09731325e-04 9.62880680e-01 -1.71010497e-02 -4.69024096e-02
6.72149993e-03 -2.87915124e-03 -6.94235631e-04 7.38712418e-01 2.00790407e-04 -5.34027409e-02
8.29196036e-03 -3.53838492e-03 -3.88534813e-04 9.12087842e-01 2.06128113e-03 -2.98872933e-02
6.29038978e-03 -2.59123929e-03 -4.84106068e-04 6.97288665e-01 1.40864295e-02 -3.72389283e-02
7.97284442e-03 -3.53838492e-03 -5.98679759e-04 8.69129927e-01 -1.63492538e-02 -4.60522891e-02
6.03667469e-03 -2.59123929e-03 -6.83177015e-04 6.63134711e-01 -5.50979436e-04 -5.25520780e-02
7.43588891e-03 -3.16590876e-03 -3.99602781e-04 8.18336463e-01 2.81356494e-03 -3.07386755e-02
5.60557429e-03 -2.30333128e-03 -4.95178159e-04 6.21712042e-01 1.33346905e-02 -3.80906277e-02
7.11676984e-03 -3.16590876e-03 -5.87621471e-04 7.75378127e-01 -1.55971506e-02 -4.52016516e-02
5.35188804e-03 -2.30333128e-03 -6.72066395e-04 5.87561969e-01 -1.30105493e-03 -5.16974150e-02
6.57982752e-03 -2.79343433e-03 -4.10632912e-04 7.24586340e-01 3.56619724e-03 -3.15871471e-02
4.92081831e-03 -2.01542657e-03 -5.06174614e-04 5.46143239e-01 1.25859406e-02 -3.89365088e-02
6.26074360e-03 -2.79343433e-03 -5.76482619e-04 6.81632734e-01 -1.48424908e-02 -4.43448169e-02
4.66723361e-03 -2.01542657e-03 -6.60690305e-04 5.12006838e-01 -2.04394563e-03 -5.08223312e-02
5.72395919e-03 -2.42104203e-03 -4.21432844e-04 6.30857467e-01 4.31891130e-03 -3.24179111e-02
4.23624632e-03 -1.72750160e-03 -5.16732312e-04 4.70600374e-01 1.18505335e-02 -3.97486394e-02
5.40511656e-03 -2.42104203e-03 -5.64936245e-04 5.87936342e-01 -1.40758563e-02 -4.34566342e-02
3.98296677e-03 -1.72750160e-03 -6.48278119e-04 4.36505050e-01 -2.76174830e-03 -4.98675476e-02
4.86913324e-03 -2.04912019e-03 -4.31260019e-04 5.37241772e-01 5.06843041e-03 -3.31738476e-02
3.55215870e-03 -1.43942950e-03 -5.25475147e-04 3.95131201e-01 1.11628777e-02 -4.04211652e-02
4.55135660e-03 -2.04912019e-03 -5.51811304e-04 4.94464147e-01 -1.32648372e-02 -4.24470233e-02
3.29964296e-03 -1.43942950e-03 -6.32477374e-04 3.61138697e-01 -3.40533811e-03 -4.86521057e-02
4.01848742e-03 -1.67914125e-03 -4.37714799e-04 4.44076696e-01 5.79756770e-03 -3.36703692e-02
2.86909654e-03 -1.15074591e-03 -5.28047327e-04 3.19835347e-01 1.06166974e-02 -4.06190252e-02
3.70451400e-03 -1.67914125e-03 -5.33590900e-04 4.01811044e-01 -1.23162832e-02 -4.10454538e-02
2.61798475e-03 -1.15074591e-03 -6.07392095e-04 2.86031837e-01 -3.87052129e-03 -4.67224689e-02
3.18177490e-03 -1.31581871e-03 -4.34369349e-04 3.52403234e-01 6.43449447e-03 -3.34130269e-02
2.18750825e-03 -8.60337792e-04 -5.13253235e-04 2.44837392e-01 1.03876963e-02 -3.94810181e-02
2.87912700e-03 -1.31581871e-03 -5.01899821e-04 3.11662170e-01 -1.10259613e-02 -3.86076786e-02
1.93705900e-03 -8.60337792e-04 -5.63005168e-04 2.11123070e-01 -4.06129895e-03 -4.33080898e-02
2.38381614e-03 -9.71858304e-04 -4.08852301e-04 2.64829579e-01 6.70077509e-03 -3.14501770e-02
1.50710662e-03 -5.68925363e-04 -4.62875910e-04 1.70057120e-01 1.03623521e-02 -3.56058393e-02
2.10738884e-03 -9.71858304e-04 -4.46301045e-04 2.27618211e-01 -9.24695406e-03 -3.43308496e-02
1.24798748e-03 -5.68925363e-04 -5.05335827e-04 1.35175698e-01 -4.58682857e-03 -3.88719867e-02
1.66678921e-03 -6.74063522e-04 -3.61355678e-04 1.85487190e-01 5.42159552e-03 -2.77965906e-02
8.43128255e-04 -3.13662813e-04 -4.09286787e-04 9.54021028e-02 6.41817450e-03 -3.14835990e-02
1.41591367e-03 -6.74063522e-04 -4.14750917e-04 1.51715483e-01 -9.05199313e-03 -3.19039167e-02
5.41748295e-04 -3.13662813e-04 -6.04929501e-04 5.48317236e-02 -1.09691309e-02 -4.65330386e-02
9.99374719e-04 -4.67109132e-04 -4.81685569e-04 1.07582608e-01 -5.22384164e-03 -3.70527361e-02
5.09628691e-04 -6.12848280e-04 -9.33132945e-04 3.32472308e-02 -5.30971517e-02 -7.17794573e-02
5.01823746e-04 -4.67109132e-04 -1.05753423e-03 4.06045928e-02 -3.39287055e-02 -8.13487866e-02
