1.0 
1000 2 3 3
-6.63174608e-03 1.72649311e-03 -1.46346034e-03 -3.97894877e+00 -1.79000646e-01 -6.65340302e-01
-4.26279128e-03 0.00000000e+00 -1.27752482e-03 -1.67009609e+00 -6.92819733e-01 -2.92881990e-01
-6.30622486e-03 1.72649311e-03 -8.26678820e-04 -3.41036583e+00 -1.08755103e-01 -3.39781836e-01
-4.95684811e-03 1.32178992e-03 -4.21066526e-04 -1.87835575e+00 -1.15760031e-01 -1.18205581e-01
-6.24362090e-03 1.86830628e-03 -2.45870610e-04 -3.25872969e+00 1.93514189e-02 -9.93578695e-02
-4.85831822e-03 1.32178992e-03 -5.46459364e-04 -1.79147512e+00 -9.67467401e-02 -1.49851778e-01
-6.12687290e-03 1.86830628e-03 -4.36563035e-04 -3.10522371e+00 4.48601083e-02 -1.72004920e-01
-4.89138359e-03 1.38975131e-03 -1.60651571e-04 -1.79984840e+00 -6.61174153e-02 -4.43433570e-02
-6.06268671e-03 1.84280953e-03 -1.04388765e-04 -3.01638756e+00 3.41010518e-02 -4.02804240e-02
-4.80299625e-03 1.38975131e-03 -4.16526619e-04 -1.72586320e+00 -5.03116899e-02 -1.12698249e-01
-5.98143917e-03 1.84280953e-03 -3.60573629e-04 -2.91624373e+00 5.11672809e-02 -1.36750530e-01
-4.79205153e-03 1.38181031e-03 -9.52239671e-05 -1.71138005e+00 -5.47797533e-02 -2.55509528e-02
-5.92500801e-03 1.81092233e-03 -7.64287206e-05 -2.84460037e+00 3.50104884e-02 -2.84497099e-02
-4.71135419e-03 1.38181031e-03 -3.83689975e-04 -1.64642297e+00 -4.09455521e-02 -1.01097810e-01
-5.85175277e-03 1.81092233e-03 -3.39556898e-04 -2.75811931e+00 4.98237232e-02 -1.24428664e-01
-4.69245075e-03 1.36278906e-03 -7.98542279e-05 -1.62808681e+00 -4.98740408e-02 -2.08128772e-02
-5.79711094e-03 1.77850733e-03 -7.28736302e-05 -2.69208944e+00 3.36701170e-02 -2.62204333e-02
-4.61423894e-03 1.36278906e-03 -3.74560573e-04 -1.56744933e+00 -3.69305916e-02 -9.59125464e-02
-5.72506201e-03 1.77850733e-03 -3.33904737e-04 -2.61034669e+00 4.77013011e-02 -1.18281684e-01
-4.59251286e-03 1.34074189e-03 -8.01718262e-05 -1.54806211e+00 -4.67117461e-02 -2.02866732e-02
-5.66982184e-03 1.74545339e-03 -7.69960619e-05 -2.54641399e+00 3.17868407e-02 -2.67705923e-02
-4.51408010e-03 1.34074189e-03 -3.73064513e-04 -1.48948781e+00 -3.41733956e-02 -9.27314551e-02
-5.59665436e-03 1.74545339e-03 -3.33787478e-04 -2.46666439e+00 4.54977376e-02 -1.14208111e-01
-4.49045677e-03 1.31718565e-03 -8.65664079e-05 -1.46954130e+00 -4.41370529e-02 -2.12465087e-02
-5.53974314e-03 1.71140215e-03 -8.43112895e-05 -2.40357081e+00 2.97328246e-02 -2.82927674e-02
-4.41050144e-03 1.31718565e-03 -3.74665409e-04 -1.41208107e+00 -3.18021001e-02 -9.02882395e-02
-5.46442068e-03 1.71140215e-03 -3.36084564e-04 -2.32482446e+00 4.32933156e-02 -1.10912414e-01
-4.38508542e-03 1.29243821e-03 -9.58356414e-05 -1.39166269e+00 -4.17853637e-02 -2.27857016e-02
-5.40523433e-03 1.67608222e-03 -9.33393249e-05 -2.26207603e+00 2.76144076e-02 -3.01805686e-02
-4.30292960e-03 1.29243821e-03 -3.77800445e-04 -1.33494278e+00 -2.95721802e-02 -8.81389051e-02
-5.32715917e-03 1.67608222e-03 -3.39649736e-04 -2.18395876e+00 4.10916237e-02 -1.07912570e-01
-4.27560115e-03 1.26652541e-03 -1.06799193e-04 -1.31405295e+00 -3.95233716e-02 -2.45607402e-02
-5.26525683e-03 1.63927584e-03 -1.03551049e-04 -2.12135574e+00 2.54694174e-02 -3.21971099e-02
-4.19082105e-03 1.26652541e-03 -3.81875764e-04 -1.25794360e+00 -2.74002721e-02 -8.61068064e-02
-5.18398120e-03 1.63927584e-03 -3.44046240e-04 -2.04373881e+00 3.88900407e-02 -1.05011525e-01
-4.16135886e-03 1.23937164e-03 -1.19032405e-04 -1.23655622e+00 -3.72983247e-02 -2.64317118e-02
-5.11895721e-03 1.60077516e-03 -1.14786589e-04 -1.98120271e+00 2.33130966e-02 -3.42411752e-02
-4.07362065e-03 1.23937164e-03 -3.86679637e-04 -1.18103248e+00 -2.52544179e-02 -8.41175399e-02
-5.03406390e-03 1.60077516e-03 -3.49130483e-04 -1.90406302e+00 3.66872473e-02 -1.02123815e-01
-4.04172689e-03 1.21084606e-03 -1.32431793e-04 -1.15910888e+00 -3.50888758e-02 -2.83396321e-02
-4.96548376e-03 1.56035347e-03 -1.27053362e-04 -1.84156693e+00 2.11517137e-02 -3.62657935e-02
-3.95071248e-03 1.21084606e-03 -3.92170858e-04 -1.10419351e+00 -2.31219414e-02 -8.21389050e-02
-4.87652721e-03 1.56035347e-03 -3.54891951e-04 -1.76493073e+00 3.44828712e-02 -9.92091411e-02
-3.91601022e-03 1.18077246e-03 -1.47046869e-04 -1.08168629e+00 -3.28867184e-02 -3.02588324e-02
-4.80388680e-03 1.51774463e-03 -1.40446874e-04 -1.70247058e+00 1.89875840e-02 -3.82454150e-02
-3.82138065e-03 1.18077246e-03 -3.98392143e-04 -1.02742708e+00 -2.09981118e-02 -8.01561620e-02
-4.71035678e-03 1.51774463e-03 -3.61386734e-04 -1.62639157e+00 3.22768870e-02 -9.62445431e-02
-3.78339801e-03 1.14892585e-03 -1.63012496e-04 -1.00428079e+00 -3.06892227e-02 -3.21770417e-02
-4.63304670e-03 1.47262395e-03 -1.55119847e-04 -1.56397481e+00 1.68211395e-02 -4.01614892e-02
-3.68477165e-03 1.14892585e-03 -4.05433814e-04 -9.50742289e-01 -1.88816620e-02 -7.81612437e-02
-4.53433840e-03 1.47262395e-03 -3.68709716e-04 -1.48852733e+00 3.00693878e-02 -9.32120650e-02
-3.64291436e-03 1.11502054e-03 -1.80523873e-04 -9.26892875e-01 -2.84965046e-02 -3.40866354e-02
-4.45160342e-03 1.42458501e-03 -1.71272731e-04 -1.42616931e+00 1.46517501e-02 -4.19954805e-02
-3.53984977e-03 1.11502054e-03 -4.13419565e-04 -8.74154371e-01 -1.67729882e-02 -7.61478225e-02
-4.34698550e-03 1.42458501e-03 -3.76982936e-04 -1.35144897e+00 2.78605543e-02 -9.00926624e-02
-3.49335984e-03 1.07868951e-03 -1.99830656e-04 -8.49527881e-01 -2.63104798e-02 -3.59803802e-02
-4.25787072e-03 1.37310755e-03 -1.89153430e-04 -1.28917323e+00 1.24779217e-02 -4.37245124e-02
-3.38533827e-03 1.07868951e-03 -4.22501083e-04 -7.97684412e-01 -1.46735619e-02 -7.41086186e-02
-4.14644612e-03 1.37310755e-03 -3.86348184e-04 -1.21530229e+00 2.56506631e-02 -8.68620818e-02
-3.33323248e-03 1.03945125e-03 -2.21238374e-04 -7.72195086e-01 -2.41350512e-02 -3.78485149e-02
-4.04972070e-03 1.31750968e-03 -2.09057423e-04 -1.15314399e+00 1.02971061e-02 -4.53168542e-02
-3.21963735e-03 1.03945125e-03 -4.32852219e-04 -7.21360176e-01 -1.25860890e-02 -7.20328844e-02
-3.93037701e-03 1.31750968e-03 -3.96952345e-04 -1.08028209e+00 2.34399698e-02 -8.34859984e-02
-3.16061458e-03 9.96656241e-04 -2.45106013e-04 -6.94907988e-01 -2.19774306e-02 -3.96749053e-02
-3.82442412e-03 1.25687487e-03 -2.31313481e-04 -1.01829608e+00 8.10521154e-03 -4.67243627e-02
-3.04070602e-03 9.96656241e-04 -4.44648439e-04 -6.45217771e-01 -1.05155718e-02 -6.99019122e-02
-3.69577495e-03 1.25687487e-03 -4.08903173e-04 -9.46660145e-01 2.12281584e-02 -7.99112824e-02
-2.97300401e-03 9.49397368e-04 -2.71816471e-04 -6.17685430e-01 -1.98513458e-02 -4.14289961e-02
-3.57843612e-03 1.18993979e-03 -2.56217332e-04 -8.84939566e-01 5.89609162e-03 -4.78669342e-02
-2.84588874e-03 9.49397368e-04 -4.57997243e-04 -5.69304458e-01 -8.47212415e-03 -6.76786033e-02
-3.43877120e-03 1.18993979e-03 -4.22141354e-04 -8.14842615e-01 1.90128101e-02 -7.60481394e-02
-2.76705942e-03 8.96355168e-04 -3.01658383e-04 -5.40554886e-01 -1.77837031e-02 -4.30468095e-02
-3.30714721e-03 1.11493018e-03 -2.83816679e-04 -7.53561986e-01 3.66243275e-03 -4.85999906e-02
-2.63166123e-03 8.96355168e-04 -4.72734403e-04 -4.93684692e-01 -6.47726216e-03 -6.52830620e-02
-3.15445686e-03 1.11493018e-03 -4.36103913e-04 -6.85490094e-01 1.67864402e-02 -7.17352493e-02
-2.53822329e-03 8.35530802e-04 -3.34466060e-04 -4.63564005e-01 -1.58264365e-02 -4.43876514e-02
-3.00472946e-03 1.02935780e-03 -3.13328701e-04 -6.25002113e-01 1.40324497e-03 -4.86530817e-02
-2.39327259e-03 8.35530802e-04 -4.87900455e-04 -4.18456253e-01 -4.57551006e-03 -6.25410030e-02
-2.83699295e-03 1.02935780e-03 -4.48940192e-04 -5.59757782e-01 1.45337116e-02 -6.66836897e-02
-2.28021755e-03 7.63811683e-04 -3.68692292e-04 -3.86818753e-01 -1.40718855e-02 -4.51470358e-02
-2.66453652e-03 9.29911602e-04 -3.41805611e-04 -5.00788799e-01 -8.47474061e-04 -4.75407473e-02
-2.12429316e-03 7.63811683e-04 -5.00600431e-04 -3.43791922e-01 -2.84824497e-03 -5.90963835e-02
-2.48071444e-03 9.29911602e-04 -4.56016870e-04 -4.39712477e-01 1.22382657e-02 -6.04279569e-02
-1.98453107e-03 6.76370122e-04 -3.99434295e-04 -3.10583105e-01 -1.26565757e-02 -4.47224698e-02
-2.28127173e-03 8.12967287e-04 -3.61817561e-04 -3.83674836e-01 -2.93994888e-03 -4.45203384e-02
-1.81610807e-03 6.76370122e-04 -5.04217883e-04 -2.70015611e-01 -1.40390538e-03 -5.43390211e-02
-2.08366517e-03 8.12967287e-04 -4.48300957e-04 -3.28832025e-01 9.93025735e-03 -5.24289697e-02
-1.64016423e-03 5.66125741e-04 -4.15598104e-04 -2.35441440e-01 -1.17005748e-02 -4.21459918e-02
-1.85687163e-03 6.77117480e-04 -3.60458631e-04 -2.78026429e-01 -4.42595767e-03 -3.89195246e-02
-1.45687533e-03 5.66125741e-04 -4.88626942e-04 -1.97587695e-01 -2.40200553e-04 -4.76664617e-02
-1.65377292e-03 6.77117480e-04 -4.16774560e-04 -2.31768035e-01 7.90404953e-03 -4.28545363e-02
-1.23349786e-03 4.24759306e-04 -4.02086303e-04 -1.62276917e-01 -1.09467810e-02 -3.66938109e-02
-1.40510105e-03 5.28850188e-04 -3.37441645e-04 -1.88112088e-01 -4.12105021e-03 -3.21033112e-02
-1.02615298e-03 4.24759306e-04 -4.59802833e-04 -1.26290226e-01 1.44395077e-03 -4.04797294e-02
-1.19481661e-03 5.28850188e-04 -4.01653448e-04 -1.49208193e-01 8.15721261e-03 -3.66697077e-02
-7.55940041e-04 2.63839071e-04 -3.87626314e-04 -9.18285973e-02 -7.17665038e-03 -3.21768918e-02
-8.84697077e-04 3.91642668e-04 -4.49898314e-04 -1.04938362e-01 4.41922598e-03 -3.85475693e-02
-4.83258207e-04 2.63839071e-04 -5.64022944e-04 -5.22029463e-02 8.83646116e-03 -4.60818522e-02
-4.21744210e-04 3.91642668e-04 -9.26215053e-04 -3.80363948e-02 3.19719795e-02 -7.97195183e-02
-4.28359182e-04 5.53551501e-04 -7.86848504e-04 -2.93711222e-02 5.45372351e-02 -6.72394817e-02
-4.26279128e-03 0.00000000e+00 -1.27752482e-03 -1.67009609e+00 -6.92819733e-01 -2.92881990e-01
-3.21530427e-03 3.79484446e-04 -3.49556649e-04 -8.04784450e-01 -2.35027588e-01 -5.54030612e-02
-4.95684811e-03 1.35491925e-03 -9.36103022e-04 -1.89897020e+00 -8.88311437e-02 -2.68463101e-01
-3.19646808e-03 3.79484446e-04 -1.06975364e-03 -8.20271990e-01 -2.28705205e-01 -1.76968436e-01
-4.85831822e-03 1.35491925e-03 -1.06149586e-03 -1.81672294e+00 -6.90904816e-02 -2.98572947e-01
-3.52815911e-03 9.37760512e-04 -6.77763956e-04 -8.95289470e-01 -7.81407319e-02 -1.24013419e-01
-4.89138359e-03 1.48798974e-03 -5.95533635e-04 -1.79692278e+00 -6.06548010e-03 -1.67181900e-01
-3.45905636e-03 9.37760512e-04 -9.19441750e-04 -8.68269135e-01 -6.70392660e-02 -1.67549437e-01
-4.80299625e-03 1.48798974e-03 -8.51408682e-04 -1.73176860e+00 1.07272436e-02 -2.35825687e-01
-3.57865066e-03 1.03780727e-03 -5.56723073e-04 -9.07228925e-01 -4.80803572e-02 -1.03609269e-01
-4.79205153e-03 1.49738564e-03 -4.84894510e-04 -1.70282744e+00 1.18204193e-02 -1.32193599e-01
-3.48739559e-03 1.03780727e-03 -8.16705632e-04 -8.67427357e-01 -3.52780557e-02 -1.50185758e-01
-4.71135419e-03 1.49738564e-03 -7.73360519e-04 -1.64674026e+00 2.66158214e-02 -2.08433203e-01
-3.55099936e-03 1.05603837e-03 -5.07064266e-04 -8.88615763e-01 -3.87261796e-02 -9.35413736e-02
-4.69245075e-03 1.48221233e-03 -4.53464952e-04 -1.61854973e+00 1.63907577e-02 -1.20069419e-01
-3.45145971e-03 1.05603837e-03 -7.78787375e-04 -8.44979007e-01 -2.55054234e-02 -1.41585348e-01
-4.61423894e-03 1.48221233e-03 -7.48171296e-04 -1.56644875e+00 3.02547309e-02 -1.95951327e-01
-3.49557551e-03 1.05134455e-03 -4.96196609e-04 -8.59048871e-01 -3.46368390e-02 -8.99664934e-02
-4.59251286e-03 1.45974593e-03 -4.51708426e-04 -1.53895916e+00 1.72196437e-02 -1.16144914e-01
-3.39208858e-03 1.05134455e-03 -7.69791720e-04 -8.14500203e-01 -2.13757718e-02 -1.37402905e-01
-4.51408010e-03 1.45974593e-03 -7.44601112e-04 -1.48864059e+00 3.06507907e-02 -1.89370438e-01
-3.42810203e-03 1.03831690e-03 -5.02773305e-04 -8.25304963e-01 -3.22487688e-02 -8.92722984e-02
-4.49045677e-03 1.43413931e-03 -4.62380296e-04 -1.46139391e+00 1.67815559e-02 -1.15363006e-01
-3.32205674e-03 1.03831690e-03 -7.73466270e-04 -7.80869634e-01 -1.90649624e-02 -1.35132965e-01
-4.41050144e-03 1.43413931e-03 -7.50479297e-04 -1.41195083e+00 2.99893765e-02 -1.85151888e-01
-3.35402464e-03 1.02154563e-03 -5.17530506e-04 -7.89851063e-01 -3.04918902e-02 -8.98149296e-02
-4.38508542e-03 1.40658201e-03 -4.78941039e-04 -1.38469057e+00 1.58607713e-02 -1.15818375e-01
-3.24587494e-03 1.02154563e-03 -7.83048519e-04 -7.45924549e-01 -1.74290939e-02 -1.33674963e-01
-4.30292960e-03 1.40658201e-03 -7.60905843e-04 -1.33575979e+00 2.89300348e-02 -1.81872029e-01
-3.27526891e-03 1.00266642e-03 -5.36587484e-04 -7.53623826e-01 -2.89859243e-02 -9.08923579e-02
-4.27560115e-03 1.37741397e-03 -4.98813009e-04 -1.30836110e+00 1.47422633e-02 -1.16748523e-01
-3.16514710e-03 1.00266642e-03 -7.95747516e-04 -7.10381706e-01 -1.60653247e-02 -1.32563641e-01
-4.19082105e-03 1.37741397e-03 -7.73889580e-04 -1.25980561e+00 2.77054785e-02 -1.78942055e-01
-3.19240507e-03 9.82267811e-04 -5.58363374e-04 -7.16982376e-01 -2.75810750e-02 -9.22075686e-02
-4.16135886e-03 1.34666999e-03 -5.21006546e-04 -1.23220304e+00 1.35383343e-02 -1.17835151e-01
-3.08032424e-03 9.82267811e-04 -8.10443008e-04 -6.74521171e-01 -1.48166797e-02 -1.31603884e-01
-4.07362065e-03 1.34666999e-03 -7.88653778e-04 -1.18398142e+00 2.64061768e-02 -1.76111728e-01
-3.10542115e-03 9.60512362e-04 -5.82275782e-04 -6.80057210e-01 -2.62153910e-02 -9.36356324e-02
-4.04172689e-03 1.31424483e-03 -5.45207700e-04 -1.15613314e+00 1.22946263e-02 -1.18939354e-01
-2.99134782e-03 9.60512362e-04 -8.26733549e-04 -6.38445763e-01 -1.36191522e-02 -1.30714423e-01
-3.95071248e-03 1.31424483e-03 -8.04946766e-04 -1.10824616e+00 2.50686222e-02 -1.73269793e-01
-3.01401541e-03 9.37365382e-04 -6.08188399e-04 -6.42884481e-01 -2.48631176e-02 -9.51245762e-02
-3.91601022e-03 1.27994722e-03 -5.71407303e-04 -1.08011807e+00 1.10292813e-02 -1.19995126e-01
-2.89789775e-03 9.37365382e-04 -8.44536256e-04 -6.02183645e-01 -1.24468349e-02 -1.29861785e-01
-3.82138065e-03 1.27994722e-03 -8.22752576e-04 -1.03258704e+00 2.37071249e-02 -1.70361280e-01
-2.91770350e-03 9.12682792e-04 -6.36174547e-04 -6.05458821e-01 -2.35140749e-02 -9.66530284e-02
-3.78339801e-03 1.24351347e-03 -5.99746140e-04 -1.00414548e+00 9.74860172e-03 -1.20964744e-01
-2.79948319e-03 9.12682792e-04 -8.63916645e-04 -5.65729246e-01 -1.12901875e-02 -1.29032251e-01
-3.68477165e-03 1.24351347e-03 -8.42167458e-04 -9.57003945e-01 2.23264443e-02 -1.67352368e-01
-2.81584578e-03 8.86240567e-04 -6.66416369e-04 -5.67753562e-01 -2.21651203e-02 -9.82119362e-02
-3.64291436e-03 1.20460112e-03 -6.30450561e-04 -9.28211720e-01 8.45344184e-03 -1.21819328e-01
-2.69546337e-03 8.86240567e-04 -8.85016147e-04 -5.29058793e-01 -1.01470724e-02 -1.28219769e-01
-3.53984977e-03 1.20460112e-03 -8.63346253e-04 -8.81502867e-01 2.09269810e-02 -1.64214879e-01
-2.70763386e-03 8.57735677e-04 -6.99162476e-04 -5.29727208e-01 -2.08167883e-02 -9.97964069e-02
-3.49335984e-03 1.16276855e-03 -6.63806118e-04 -8.52316427e-01 7.14155680e-03 -1.22529583e-01
-2.58503138e-03 8.57735677e-04 -9.08020770e-04 -4.92134732e-01 -9.01919056e-03 -1.27420455e-01
-3.38533827e-03 1.16276855e-03 -8.86476544e-04 -8.06093141e-01 1.95067271e-02 -1.60918586e-01
-2.59204855e-03 8.26768220e-04 -7.34709256e-04 -4.91323347e-01 -1.94724814e-02 -1.01401514e-01
-3.33323248e-03 1.11743846e-03 -7.00144467e-04 -7.76459626e-01 5.80774988e-03 -1.23060137e-01
-2.46716999e-03 8.26768220e-04 -9.33144779e-04 -4.54904407e-01 -7.91109784e-03 -1.26629416e-01
-3.21963735e-03 1.11743846e-03 -9.11758313e-04 -7.30786007e-01 1.80613948e-02 -1.57425850e-01
-2.46778634e-03 7.92803374e-04 -7.73386740e-04 -4.52466025e-01 -1.81395812e-02 -1.03018884e-01
-3.16061458e-03 1.06783696e-03 -7.39825714e-04 -7.00639462e-01 4.44189838e-03 -1.23363675e-01
-2.34057458e-03 7.92803374e-04 -9.60612751e-04 -4.17293972e-01 -6.83101928e-03 -1.25837340e-01
-3.04070602e-03 1.06783696e-03 -9.39368140e-04 -6.55593387e-01 1.65826179e-02 -1.53684829e-01
-2.33313673e-03 7.55099991e-04 -8.15529546e-04 -4.13049207e-01 -1.68333890e-02 -1.04631133e-01
-2.97300401e-03 1.01288978e-03 -7.83188160e-04 -6.24849359e-01 3.02341670e-03 -1.23370704e-01
-2.20352109e-03 7.55099991e-04 -9.90617292e-04 -3.79194962e-01 -5.79413485e-03 -1.25023552e-01
-2.84588874e-03 1.01288978e-03 -9.69368931e-04 -5.80526218e-01 1.50526349e-02 -1.49616163e-01
-2.18576691e-03 7.12572651e-04 -8.61392983e-04 -3.72914855e-01 -1.55867168e-02 -1.06198720e-01
-2.76705942e-03 9.51040752e-04 -8.30398873e-04 -5.49074420e-01 1.50924984e-03 -1.22967117e-01
-2.05362607e-03 7.12572651e-04 -1.02319970e-03 -3.40436057e-01 -4.83066847e-03 -1.24138346e-01
-2.63166123e-03 9.51040752e-04 -1.00147489e-03 -5.05592947e-01 1.34322995e-02 -1.45083447e-01
-2.02232037e-03 6.63519428e-04 -9.10914993e-04 -3.31808135e-01 -1.44698860e-02 -1.07626735e-01
-2.53822329e-03 8.79942934e-04 -8.81047389e-04 -4.73290261e-01 -1.86565925e-04 -1.21944560e-01
-1.88738306e-03 6.63519428e-04 -1.05792506e-03 -3.00724942e-01 -4.00242935e-03 -1.23058480e-01
-2.39327259e-03 8.79942934e-04 -1.03448178e-03 -4.30802954e-01 1.16402544e-02 -1.39831745e-01
-1.83765655e-03 6.05111738e-04 -9.63096641e-04 -2.89293226e-01 -1.36231229e-02 -1.08686915e-01
-2.28021755e-03 7.96007302e-04 -9.33178579e-04 -3.97477872e-01 -2.21038123e-03 -1.19905135e-01
-1.69925313e-03 6.05111738e-04 -1.09309225e-03 -2.59538896e-01 -3.42696223e-03 -1.21488561e-01
-2.12429316e-03 7.96007302e-04 -1.06508672e-03 -3.56190003e-01 9.53626998e-03 -1.33387026e-01
-1.62350774e-03 5.32611365e-04 -1.01461102e-03 -2.44627076e-01 -1.32773581e-02 -1.08866886e-01
-1.98453107e-03 6.94066065e-04 -9.81502361e-04 -3.21685822e-01 -4.71633526e-03 -1.16145237e-01
-1.47997025e-03 5.32611365e-04 -1.12421792e-03 -2.15957600e-01 -3.27644757e-03 -1.18802617e-01
-1.81610807e-03 6.94066065e-04 -1.08628595e-03 -2.81874998e-01 6.98799086e-03 -1.25006389e-01
-1.36664408e-03 4.38927697e-04 -1.05754331e-03 -1.96672288e-01 -1.36321521e-02 -1.07208627e-01
-1.64016423e-03 5.68588639e-04 -1.01625659e-03 -2.46136568e-01 -7.48576134e-03 -1.09804251e-01
-1.21382716e-03 4.38927697e-04 -1.14282409e-03 -1.68512210e-01 -3.59167572e-03 -1.14036973e-01
-1.45687533e-03 5.68588639e-04 -1.08928542e-03 -2.08064786e-01 4.33349101e-03 -1.14226839e-01
-1.04901378e-03 3.18755474e-04 -1.07938749e-03 -1.44171392e-01 -1.40532698e-02 -1.02683895e-01
-1.23349786e-03 4.23613046e-04 -1.03420315e-03 -1.70961400e-01 -8.17522317e-03 -1.01594875e-01
-8.76699102e-04 3.18755474e-04 -1.14335713e-03 -1.15314017e-01 -3.33236711e-03 -1.07101533e-01
-1.02615298e-03 4.23613046e-04 -1.09191968e-03 -1.34098351e-01 4.46277455e-03 -1.04360026e-01
-6.67275611e-04 2.03375806e-04 -1.08357204e-03 -8.71927306e-02 -9.09699414e-03 -9.71943015e-02
-7.55940041e-04 3.37099421e-04 -1.10976652e-03 -9.38822659e-02 6.31298817e-03 -1.01728568e-01
-4.56133100e-04 2.03375806e-04 -1.16116685e-03 -5.53684455e-02 3.46851308e-03 -1.03591514e-01
-4.83258207e-04 3.37099421e-04 -1.28616315e-03 -5.30638686e-02 2.26702235e-02 -1.18736506e-01
-3.65905288e-04 3.85755962e-04 -1.17677160e-03 -3.16946832e-02 3.57668317e-02 -1.05615123e-01
-4.28359182e-04 8.47814444e-04 -1.50407988e-03 -1.87529681e-02 1.10479610e-01 -1.52311658e-01
-1.42210532e-04 3.85755962e-04 -1.25754415e-03 1.27990362e-03 4.90017747e-02 -1.13666985e-01
-3.21530427e-03 6.88762478e-04 -2.03850404e-04 -7.54595447e-01 -1.28319166e-01 -3.27009453e-02
-1.91024257e-03 0.00000000e+00 -3.33319012e-04 -3.52614590e-01 -1.50420876e-01 -3.52808642e-02
-3.19646808e-03 6.88762478e-04 -9.24047399e-04 -7.65425140e-01 -1.21503002e-01 -1.53147817e-01
-2.17407614e-03 3.45577044e-04 -6.49031118e-04 -3.96084770e-01 -1.00175305e-01 -7.62225738e-02
-3.52815911e-03 1.03663838e-03 -8.98284530e-04 -8.93265063e-01 -3.89652897e-02 -1.68113541e-01
-2.10741556e-03 3.45577044e-04 -1.09116076e-03 -3.88537608e-01 -9.13244273e-02 -1.32208862e-01
-3.45905636e-03 1.03663838e-03 -1.13996232e-03 -8.69385177e-01 -2.76803173e-02 -2.13429044e-01
-2.33331079e-03 6.08454931e-04 -8.81608734e-04 -4.26915175e-01 -5.14600923e-02 -1.12518981e-01
-3.57865066e-03 1.13989506e-03 -8.81031948e-04 -9.09340152e-01 -6.19893934e-03 -1.68631674e-01
-2.23119693e-03 6.08454931e-04 -1.17353574e-03 -4.05335642e-01 -3.99894575e-02 -1.50985693e-01
-3.48739559e-03 1.13989506e-03 -1.14101451e-03 -8.74367079e-01 7.06782044e-03 -2.17347490e-01
-2.37815581e-03 6.88981897e-04 -9.12088421e-04 -4.35557095e-01 -3.53610626e-02 -1.19008079e-01
-3.55099936e-03 1.16217853e-03 -8.66370488e-04 -8.91447479e-01 4.44980724e-03 -1.64682723e-01
-2.25709554e-03 6.88981897e-04 -1.18006234e-03 -4.07208101e-01 -2.28192495e-02 -1.53968393e-01
-3.45145971e-03 1.16217853e-03 -1.13809360e-03 -8.53311620e-01 1.82575244e-02 -2.14998925e-01
-2.37070118e-03 7.11595679e-04 -9.24986987e-04 -4.31755201e-01 -2.91078062e-02 -1.20833138e-01
-3.49557551e-03 1.15787445e-03 -8.69272080e-04 -8.62386935e-01 7.99990681e-03 -1.62589689e-01
-2.24102040e-03 7.11595679e-04 -1.18449720e-03 -4.00752638e-01 -1.61954158e-02 -1.54272326e-01
-3.39208858e-03 1.15787445e-03 -1.14286719e-03 -8.23464781e-01 2.18862754e-02 -2.12336668e-01
-2.33924986e-03 7.12981427e-04 -9.40525262e-04 -4.22110103e-01 -2.61413153e-02 -1.22015212e-01
-3.42810203e-03 1.14324256e-03 -8.82350839e-04 -8.29229322e-01 8.99457899e-03 -1.61792126e-01
-2.20603253e-03 7.12981427e-04 -1.19335703e-03 -3.90410066e-01 -1.32055829e-02 -1.54209479e-01
-3.32205674e-03 1.14324256e-03 -1.15304380e-03 -7.90309565e-01 2.28068270e-02 -2.09965504e-01
-2.29611315e-03 7.05523388e-04 -9.59575215e-04 -4.09778740e-01 -2.43990069e-02 -1.23199740e-01
-3.35402464e-03 1.12385944e-03 -9.00876405e-04 -7.94422577e-01 8.98283840e-03 -1.61631916e-01
-2.16175302e-03 7.05523388e-04 -1.20556677e-03 -3.78272958e-01 -1.16071828e-02 -1.54167234e-01
-3.24587494e-03 1.12385944e-03 -1.16639442e-03 -7.55797001e-01 2.26624408e-02 -2.07790833e-01
-2.24661227e-03 6.93925757e-04 -9.81137370e-04 -3.96172709e-01 -2.31444188e-02 -1.24464296e-01
-3.27526891e-03 1.10181916e-03 -9.22533747e-04 -7.58866562e-01 8.55348856e-03 -1.61744722e-01
-2.11225723e-03 6.93925757e-04 -1.21990226e-03 -3.65265970e-01 -1.05790097e-02 -1.54189313e-01
-3.16514710e-03 1.10181916e-03 -1.18169378e-03 -7.20660578e-01 2.20725744e-02 -2.05692544e-01
-2.19297257e-03 6.80081729e-04 -1.00451557e-03 -3.81898948e-01 -2.20888684e-02 -1.25801599e-01
-3.19240507e-03 1.07791133e-03 -9.46292218e-04 -7.22896017e-01 7.94603346e-03 -1.61952905e-01
-2.05921432e-03 6.80081729e-04 -1.23568670e-03 -3.51780485e-01 -9.79419981e-03 -1.54268797e-01
-3.08032424e-03 1.07791133e-03 -1.19837185e-03 -6.85177443e-01 2.12871210e-02 -2.03597712e-01
-2.13602087e-03 6.64743023e-04 -1.02938584e-03 -3.67203501e-01 -2.11130280e-02 -1.27201237e-01
-3.10542115e-03 1.05238032e-03 -9.71744785e-04 -6.86626166e-01 7.26077535e-03 -1.62172490e-01
-2.00321305e-03 6.64743023e-04 -1.25262165e-03 -3.37969445e-01 -9.11704021e-03 -1.54398209e-01
-2.99134782e-03 1.05238032e-03 -1.21620255e-03 -6.49443668e-01 2.04096893e-02 -2.01466898e-01
-2.07593518e-03 6.48164500e-04 -1.05564665e-03 -3.52171847e-01 -2.01666677e-02 -1.28659079e-01
-3.01401541e-03 1.02521826e-03 -9.98780874e-04 -6.50082132e-01 6.53956645e-03 -1.62362776e-01
-1.94433795e-03 6.48164500e-04 -1.27061023e-03 -3.23879094e-01 -8.49084755e-03 -1.54574794e-01
-2.89789775e-03 1.02521826e-03 -1.23512873e-03 -6.13479657e-01 1.94827274e-02 -1.99277825e-01
-2.01257240e-03 6.30370137e-04 -1.08331282e-03 -3.36816788e-01 -1.92290041e-02 -1.30175708e-01
-2.91770350e-03 9.96282133e-04 -1.02743358e-03 -6.13248731e-01 5.79902596e-03 -1.62501989e-01
-1.88241755e-03 6.30370137e-04 -1.28965618e-03 -3.09506111e-01 -7.89281460e-03 -1.54799172e-01
-2.79948319e-03 9.96282133e-04 -1.25517567e-03 -5.77271231e-01 1.85223185e-02 -1.97015755e-01
-1.94560412e-03 6.11263713e-04 -1.11246015e-03 -3.21115568e-01 -1.82922127e-02 -1.31754528e-01
-2.81584578e-03 9.65336358e-04 -1.05781112e-03 -5.76089018e-01 5.04453258e-03 -1.62576017e-01
-1.81712409e-03 6.11263713e-04 -1.30981446e-03 -2.94821143e-01 -7.31502291e-03 -1.55073944e-01
-2.69546337e-03 9.65336358e-04 -1.27641090e-03 -5.40784836e-01 1.75327940e-02 -1.94668586e-01
-1.87456255e-03 5.90670787e-04 -1.14319998e-03 -3.05024226e-01 -1.73545759e-02 -1.33400734e-01
-2.70763386e-03 9.32059565e-04 -1.09006802e-03 -5.38549773e-01 4.27590879e-03 -1.62573286e-01
-1.74800299e-03 5.90670787e-04 -1.33116932e-03 -2.79777149e-01 -6.75644745e-03 -1.55402941e-01
-2.58503138e-03 9.32059565e-04 -1.29892632e-03 -5.03971622e-01 1.65127064e-02 -1.92224427e-01
-1.79884084e-03 5.68346982e-04 -1.17566933e-03 -2.88481522e-01 -1.64179851e-02 -1.35120988e-01
-2.59204855e-03 8.96028796e-04 -1.12439523e-03 -5.00560825e-01 3.48910403e-03 -1.62482445e-01
-1.67446501e-03 5.68346982e-04 -1.35382633e-03 -2.64310566e-01 -6.21988941e-03 -1.55791014e-01
-2.46716999e-03 8.96028796e-04 -1.32283076e-03 -4.66765870e-01 1.54567274e-02 -1.89670288e-01
-1.71766377e-03 5.43964224e-04 -1.21003007e-03 -2.71407496e-01 -1.54879594e-02 -1.36923639e-01
-2.46778634e-03 8.56680572e-04 -1.16102071e-03 -4.62030204e-01 2.67503710e-03 -1.62291405e-01
-1.59575159e-03 5.43964224e-04 -1.37791324e-03 -2.48338338e-01 -5.71159781e-03 -1.56244393e-01
-2.34057458e-03 8.56680572e-04 -1.34824672e-03 -4.29078901e-01 1.43548139e-02 -1.86991036e-01
-1.63002713e-03 5.17070533e-04 -1.24647609e-03 -2.53697963e-01 -1.45764720e-02 -1.38819591e-01
-2.33313673e-03 8.13232954e-04 -1.20021769e-03 -4.22834195e-01 1.81431628e-03 -1.61986895e-01
-1.51086736e-03 5.17070533e-04 -1.40359042e-03 -2.31750950e-01 -5.24357492e-03 -1.56771853e-01
-2.20352109e-03 8.13232954e-04 -1.37530544e-03 -3.90786341e-01 1.31876136e-02 -1.84167342e-01
-1.53458103e-03 4.86996735e-04 -1.28525059e-03 -2.35212725e-01 -1.37104115e-02 -1.40823660e-01
-2.18576691e-03 7.64526117e-04 -1.24231662e-03 -3.82797928e-01 8.63344970e-04 -1.61553029e-01
-1.41844745e-03 4.86996735e-04 -1.43107441e-03 -2.14397751e-01 -4.84091247e-03 -1.57386624e-01
-2.05362607e-03 7.64526117e-04 -1.40412334e-03 -3.51702137e-01 1.19141241e-02 -1.81169094e-01
-1.42938249e-03 4.52640921e-04 -1.32666801e-03 -2.15748633e-01 -1.29524157e-02 -1.42954255e-01
-2.02232037e-03 7.08692559e-04 -1.28769428e-03 -3.41656894e-01 -2.76467650e-04 -1.60963582e-01
-1.31646351e-03 4.52640921e-04 -1.46066741e-03 -1.96051765e-01 -4.55969240e-03 -1.58106115e-01
-1.88738306e-03 7.08692559e-04 -1.43470435e-03 -3.11525563e-01 1.04444580e-02 -1.77934644e-01
-1.31132933e-03 4.11995059e-04 -1.37108517e-03 -1.94973070e-01 -1.24438662e-02 -1.45221113e-01
-1.83765655e-03 6.42528844e-04 -1.33663107e-03 -2.98983254e-01 -1.81111147e-03 -1.60153155e-01
-1.20151784e-03 4.11995059e-04 -1.49272046e-03 -1.76318915e-01 -4.52199844e-03 -1.58935682e-01
-1.69925313e-03 6.42528844e-04 -1.46662668e-03 -2.69739271e-01 8.59589615e-03 -1.74317587e-01
-1.17489808e-03 3.61283354e-04 -1.41859491e-03 -1.72265977e-01 -1.24638446e-02 -1.47570128e-01
-1.62350774e-03 5.60622276e-04 -1.38875546e-03 -2.54060991e-01 -4.08367446e-03 -1.58945375e-01
-1.06719130e-03 3.61283354e-04 -1.52726318e-03 -1.54415517e-01 -4.95360040e-03 -1.59798202e-01
-1.47997025e-03 5.60622276e-04 -1.49836236e-03 -2.25438468e-01 6.08557595e-03 -1.70003030e-01
-1.00985289e-03 2.94241493e-04 -1.46787339e-03 -1.46412511e-01 -1.33845194e-02 -1.49734753e-01
-1.36664408e-03 4.55649610e-04 -1.44191534e-03 -2.05719926e-01 -7.30785373e-03 -1.56996324e-01
-9.00816625e-04 2.94241493e-04 -1.56276117e-03 -1.28721815e-01 -6.08797399e-03 -1.60366598e-01
-1.21382716e-03 4.55649610e-04 -1.52719612e-03 -1.77099618e-01 2.86125681e-03 -1.64623765e-01
-7.99833157e-04 2.05841085e-04 -1.51380738e-03 -1.15299471e-01 -1.49353756e-02 -1.51074674e-01
-1.04901378e-03 3.27475238e-04 -1.49308383e-03 -1.52221841e-01 -9.94614401e-03 -1.54327089e-01
-6.80647681e-04 2.05841085e-04 -1.59395274e-03 -9.63176105e-02 -7.35275415e-03 -1.59963422e-01
-8.76699102e-04 3.27475238e-04 -1.55705346e-03 -1.22336584e-01 8.62092693e-04 -1.59301623e-01
-5.35410832e-04 1.19132828e-04 -1.54814208e-03 -7.67278468e-02 -1.27960436e-02 -1.51213006e-01
-6.67275611e-04 2.30214792e-04 -1.55313705e-03 -9.19648282e-02 -2.83374258e-03 -1.54244314e-01
-3.91650561e-04 1.19132828e-04 -1.61087061e-03 -5.42884404e-02 -4.14331477e-03 -1.58143963e-01
-4.56133100e-04 2.30214792e-04 -1.63073186e-03 -5.84340866e-02 9.78014374e-03 -1.62073957e-01
-2.83044480e-04 1.83267656e-04 -1.57431395e-03 -3.31785704e-02 1.19897347e-02 -1.52492477e-01
-3.65905288e-04 4.10646716e-04 -1.64658572e-03 -3.40475110e-02 4.36898960e-02 -1.64832881e-01
-1.22274392e-04 1.83267656e-04 -1.58342757e-03 -8.28946782e-03 2.12206785e-02 -1.52932074e-01
-1.42210532e-04 4.10646716e-04 -1.72735826e-03 1.18840889e-03 5.72082477e-02 -1.75029506e-01
-2.90471149e-04 7.73550533e-04 -1.49046244e-03 -3.12778144e-04 1.05305552e-01 -1.47948257e-01
-1.91024257e-03 0.00000000e+00 -3.33319012e-04 -3.52614590e-01 -1.50420876e-01 -3.52808642e-02
-9.59650516e-04 -1.50519697e-04 7.13751864e-05 -1.52764445e-01 -8.46189518e-02 6.01126197e-03
-2.17407614e-03 5.61549492e-04 -7.26494410e-04 -3.77603600e-01 -4.99653132e-02 -8.70102183e-02
-9.34151617e-04 -1.50519697e-04 -7.98515452e-04 -1.52812534e-01 -8.32927948e-02 -7.08401285e-02
-2.10741556e-03 5.61549492e-04 -1.16862405e-03 -3.71852559e-01 -4.08553086e-02 -1.44929342e-01
-1.11803174e-03 1.65532006e-04 -9.58977359e-04 -1.64834917e-01 -4.44066865e-02 -8.99744529e-02
-2.33331079e-03 7.44430259e-04 -1.10835707e-03 -4.24006749e-01 -1.61593952e-02 -1.46874117e-01
-1.04010666e-03 1.65532006e-04 -1.32822520e-03 -1.57313331e-01 -3.79235258e-02 -1.31529083e-01
-2.23119693e-03 7.44430259e-04 -1.40028408e-03 -4.04972274e-01 -4.56245745e-03 -1.88426660e-01
-1.18691315e-03 2.83391547e-04 -1.21705247e-03 -1.74801642e-01 -2.81071900e-02 -1.21427107e-01
-2.37815581e-03 8.05783763e-04 -1.20725908e-03 -4.38077764e-01 -3.04417209e-03 -1.64952331e-01
-1.08670078e-03 2.83391547e-04 -1.47608252e-03 -1.61683970e-01 -2.00369850e-02 -1.52604779e-01
-2.25709554e-03 8.05783763e-04 -1.47523300e-03 -4.12498855e-01 9.70916469e-03 -2.03356105e-01
-1.20661556e-03 3.24500668e-04 -1.30638996e-03 -1.77999122e-01 -2.17324981e-02 -1.33330929e-01
-2.37070118e-03 8.21098674e-04 -1.24815114e-03 -4.36425118e-01 1.89022956e-03 -1.71402915e-01
-1.09600477e-03 3.24500668e-04 -1.53029354e-03 -1.62225544e-01 -1.30907709e-02 -1.60661110e-01
-2.24102040e-03 8.21098674e-04 -1.50766134e-03 -4.08202742e-01 1.50626279e-02 -2.08398440e-01
-1.20163713e-03 3.37096319e-04 -1.34749906e-03 -1.77219781e-01 -1.89276742e-02 -1.38619503e-01
-2.33924986e-03 8.18244372e-04 -1.27294702e-03 -4.27664631e-01 3.74642632e-03 -1.73923808e-01
-1.08760459e-03 3.37096319e-04 -1.55570569e-03 -1.60494224e-01 -1.01692319e-02 -1.64147748e-01
-2.20603253e-03 8.18244372e-04 -1.52577879e-03 -3.98629389e-01 1.69552112e-02 -2.09666703e-01
-1.18456712e-03 3.38160953e-04 -1.37228850e-03 -1.74437570e-01 -1.74709198e-02 -1.41458959e-01
-2.29611315e-03 8.07487976e-04 -1.29264028e-03 -4.15685461e-01 4.37719497e-03 -1.74954799e-01
-1.07070269e-03 3.38160953e-04 -1.57100672e-03 -1.57602828e-01 -8.81794944e-03 -1.65908209e-01
-2.16175302e-03 8.07487976e-04 -1.53863184e-03 -3.86668053e-01 1.74365289e-02 -2.09403069e-01
-1.16139113e-03 3.34165601e-04 -1.39110352e-03 -1.70664246e-01 -1.65567314e-02 -1.43344283e-01
-2.24661227e-03 7.92889421e-04 -1.31081399e-03 -4.02192391e-01 4.49699575e-03 -1.75388662e-01
-1.04944988e-03 3.34165601e-04 -1.58257290e-03 -1.54115257e-01 -8.11669779e-03 -1.66992468e-01
-2.11225723e-03 7.92889421e-04 -1.54957888e-03 -3.73571556e-01 1.73159015e-02 -2.08495825e-01
-1.13483619e-03 3.27761279e-04 -1.40778512e-03 -1.66370786e-01 -1.58679360e-02 -1.44862601e-01
-2.19297257e-03 7.76114564e-04 -1.32880146e-03 -3.87913823e-01 4.39841687e-03 -1.75577561e-01
-1.02567786e-03 3.27761279e-04 -1.59283101e-03 -1.50289119e-01 -7.69334186e-03 -1.67817650e-01
-2.05921432e-03 7.76114564e-04 -1.55997260e-03 -3.59869468e-01 1.69289879e-02 -2.07311142e-01
-1.10607359e-03 3.20064320e-04 -1.42389006e-03 -1.61761607e-01 -1.52719800e-02 -1.46258732e-01
-2.13602087e-03 7.57825590e-04 -1.34715397e-03 -3.73146147e-01 4.20494520e-03 -1.75665857e-01
-1.00014557e-03 3.20064320e-04 -1.60277211e-03 -1.46231684e-01 -7.39017809e-03 -1.68557512e-01
-2.00321305e-03 7.57825590e-04 -1.57038977e-03 -3.45772761e-01 1.64178706e-02 -2.06002356e-01
-1.07554319e-03 3.11532169e-04 -1.44009184e-03 -1.56916021e-01 -1.47118814e-02 -1.47639433e-01
-2.07593518e-03 7.38237945e-04 -1.36613249e-03 -3.57995067e-01 3.96864644e-03 -1.75714275e-01
-9.73110918e-04 3.11532169e-04 -1.61282592e-03 -1.41979317e-01 -7.13918056e-03 -1.69287228e-01
-1.94433795e-03 7.38237945e-04 -1.58109608e-03 -3.31351567e-01 1.58420592e-02 -2.04634091e-01
-1.04333896e-03 3.02327840e-04 -1.45670782e-03 -1.51855367e-01 -1.41630558e-02 -1.49054333e-01
-2.01257240e-03 7.17355075e-04 -1.38589160e-03 -3.42480838e-01 3.71053588e-03 -1.75749620e-01
-9.44590728e-04 3.02327840e-04 -1.62319755e-03 -1.37534689e-01 -6.91110606e-03 -1.70041481e-01
-1.88241755e-03 7.17355075e-04 -1.59223496e-03 -3.16612044e-01 1.52250600e-02 -2.03234173e-01
-1.00938211e-03 2.92476926e-04 -1.47391431e-03 -1.46573181e-01 -1.36151349e-02 -1.50529944e-01
-1.94560412e-03 6.95066814e-04 -1.40655377e-03 -3.26582870e-01 3.43775796e-03 -1.75785538e-01
-9.14474758e-04 2.92476926e-04 -1.63400607e-03 -1.32883119e-01 -6.69369565e-03 -1.70838888e-01
-1.81712409e-03 6.95066814e-04 -1.60390809e-03 -3.01528412e-01 1.45743664e-02 -2.01815794e-01
-9.73493225e-04 2.81934333e-04 -1.49183938e-03 -1.41047846e-01 -1.30641451e-02 -1.52084541e-01
-1.87456255e-03 6.71186078e-04 -1.42824249e-03 -3.10257333e-01 3.15080154e-03 -1.75831506e-01
-8.82570649e-04 2.81934333e-04 -1.64534467e-03 -1.27998988e-01 -6.48220324e-03 -1.71692690e-01
-1.74800299e-03 6.71186078e-04 -1.61621184e-03 -2.86054992e-01 1.38899492e-02 -2.00387217e-01
-9.35416044e-04 2.70609730e-04 -1.51060606e-03 -1.35247089e-01 -1.25092574e-02 -1.53735116e-01
-1.79884084e-03 6.45454717e-04 -1.45110018e-03 -2.93442529e-01 2.84617603e-03 -1.75897138e-01
-8.48615175e-04 2.70609730e-04 -1.65730969e-03 -1.22847420e-01 -6.27538715e-03 -1.72615851e-01
-1.67446501e-03 6.45454717e-04 -1.62925718e-03 -2.70128974e-01 1.31675555e-02 -1.98956412e-01
-8.94816302e-04 2.58371847e-04 -1.53035742e-03 -1.29128542e-01 -1.19517985e-02 -1.55501337e-01
-1.71766377e-03 6.17528946e-04 -1.47530359e-03 -2.76058120e-01 2.51656607e-03 -1.75994996e-01
-8.12266914e-04 2.58371847e-04 -1.67002037e-03 -1.17383530e-01 -6.07414649e-03 -1.73624330e-01
-1.59575159e-03 6.17528946e-04 -1.64318676e-03 -2.53668165e-01 1.23992764e-02 -1.97534153e-01
-8.51263642e-04 2.45036448e-04 -1.55128074e-03 -1.22638149e-01 -1.13960338e-02 -1.57409228e-01
-1.63002713e-03 5.86940002e-04 -1.50108733e-03 -2.57999949e-01 2.14835748e-03 -1.76143940e-01
-7.73084462e-04 2.45036448e-04 -1.68364440e-03 -1.11550179e-01 -5.88206526e-03 -1.74741061e-01
-1.51086736e-03 5.86940002e-04 -1.65820166e-03 -2.36564350e-01 1.15715908e-02 -1.96137851e-01
-8.04192300e-04 2.30327614e-04 -1.57364967e-03 -1.15706786e-01 -1.08530249e-02 -1.59497255e-01
-1.53458103e-03 5.53003806e-04 -1.52879506e-03 -2.39128705e-01 1.71381305e-03 -1.76375516e-01
-7.30483178e-04 2.30327614e-04 -1.69845334e-03 -1.05274119e-01 -5.70899076e-03 -1.76004190e-01
-1.41844745e-03 5.53003806e-04 -1.67461888e-03 -2.18668981e-01 1.06586427e-02 -1.94798815e-01
-7.52813523e-04 2.13774144e-04 -1.59791896e-03 -1.08243353e-01 -1.03520187e-02 -1.61829520e-01
-1.42938249e-03 5.14607400e-04 -1.55900230e-03 -2.19244676e-01 1.15059025e-03 -1.76748207e-01
-6.83636392e-04 2.13774144e-04 -1.71495845e-03 -9.84577369e-02 -5.58167902e-03 -1.77486862e-01
-1.31646351e-03 5.14607400e-04 -1.69300170e-03 -1.99759332e-01 9.60463562e-03 -1.93577185e-01
-6.95892391e-04 1.94448463e-04 -1.62493685e-03 -1.00115961e-01 -9.96897580e-03 -1.64524809e-01
-1.31132933e-03 4.69719314e-04 -1.59279353e-03 -1.98027360e-01 3.15861967e-04 -1.77378536e-01
-6.31205687e-04 1.94448463e-04 -1.73422220e-03 -9.09533936e-02 -5.56959252e-03 -1.79342020e-01
-1.20151784e-03 4.69719314e-04 -1.71442882e-03 -1.79452587e-01 8.28580645e-03 -1.92590328e-01
-6.31161754e-04 1.70403581e-04 -1.65634692e-03 -9.10923878e-02 -9.88218030e-03 -1.67811994e-01
-1.17489808e-03 4.14454053e-04 -1.63228082e-03 -1.74892893e-01 -1.08503247e-03 -1.78502442e-01
-5.70578586e-04 1.70403581e-04 -1.75842337e-03 -8.24749702e-02 -5.83090963e-03 -1.81883874e-01
-1.06719130e-03 4.14454053e-04 -1.74094909e-03 -1.56994718e-01 6.46009183e-03 -1.92061144e-01
-5.53988883e-04 1.37935131e-04 -1.69504847e-03 -8.06660214e-02 -1.04138101e-02 -1.72101127e-01
-1.00985289e-03 3.42260815e-04 -1.68121214e-03 -1.48700685e-01 -3.46890853e-03 -1.80580542e-01
-4.96007807e-04 1.37935131e-04 -1.79128672e-03 -7.23312860e-02 -6.62671917e-03 -1.85656643e-01
-9.00816625e-04 3.42260815e-04 -1.77609992e-03 -1.30816880e-01 3.84803195e-03 -1.92408237e-01
-4.55629941e-04 9.28842740e-05 -1.74468410e-03 -6.76777850e-02 -1.17287075e-02 -1.77959775e-01
-7.99833157e-04 2.48004793e-04 -1.74451522e-03 -1.17370058e-01 -6.58478943e-03 -1.84443203e-01
-3.95902899e-04 9.28842740e-05 -1.83590421e-03 -5.88647192e-02 -7.97102985e-03 -1.91158737e-01
-6.80647681e-04 2.48004793e-04 -1.82466058e-03 -9.79643809e-02 1.00264100e-03 -1.94455115e-01
-3.26640575e-04 4.35976980e-05 -1.80507597e-03 -5.00461398e-02 -1.19774030e-02 -1.85601995e-01
-5.35410832e-04 1.53913747e-04 -1.82250324e-03 -7.84732502e-02 -6.19029166e-03 -1.91108703e-01
-2.56932482e-04 4.35976980e-05 -1.88252785e-03 -3.92662545e-02 -7.79883478e-03 -1.97112630e-01
-3.91650561e-04 1.53913747e-04 -1.88523178e-03 -5.51609793e-02 2.46395058e-03 -1.99126569e-01
-1.83289250e-04 5.26984402e-05 -1.85682736e-03 -2.65585125e-02 -2.08081650e-03 -1.92598417e-01
-2.83044480e-04 1.76637090e-04 -1.88170893e-03 -3.58701757e-02 1.24039680e-02 -1.97610462e-01
-1.01088209e-04 5.26984402e-05 -1.87509162e-03 -1.33125157e-02 2.69190063e-03 -1.95138830e-01
-1.22274392e-04 1.76637090e-04 -1.89082255e-03 -9.67463826e-03 2.16452185e-02 -1.98119828e-01
-1.19217911e-04 2.76396148e-04 -1.80091816e-03 -3.13763283e-03 3.74399350e-02 -1.84717598e-01
-2.90471149e-04 5.33732649e-04 -1.71890382e-03 -1.56534107e-02 6.88203421e-02 -1.76172758e-01
-5.85857861e-05 2.76396148e-04 -1.62262251e-03 6.89647915e-03 3.96544421e-02 -1.58676641e-01
-9.59650516e-04 2.79800799e-04 7.64994252e-05 -1.22273549e-01 -1.73485635e-02 6.47601162e-03
-1.26400608e-20 0.00000000e+00 -2.19049582e-04 -1.70621207e-18 -7.29234279e-19 -1.69308186e-02
-9.34151617e-04 2.79800799e-04 -7.93391214e-04 -1.22581619e-01 -1.44427631e-02 -7.06752731e-02
0.00000000e+00 -1.64295745e-04 -6.57484857e-04 -9.50418637e-03 -2.27227641e-02 -5.28985987e-02
-1.11803174e-03 3.87115419e-04 -1.05405014e-03 -1.52017620e-01 -7.16602018e-03 -1.01439151e-01
0.00000000e+00 -1.64295745e-04 -1.19912118e-03 -9.50418637e-03 -2.39936616e-02 -1.05752201e-01
-1.04010666e-03 3.87115419e-04 -1.42329799e-03 -1.45349456e-01 1.99280629e-04 -1.45148556e-01
0.00000000e+00 -1.05864416e-04 -1.27066154e-03 -6.11440740e-03 -1.55817710e-02 -1.13634167e-01
-1.18691315e-03 4.41343545e-04 -1.37461544e-03 -1.68598149e-01 4.03806615e-04 -1.42675721e-01
0.00000000e+00 -1.05864416e-04 -1.56236684e-03 -6.11440740e-03 -1.62547506e-02 -1.49653080e-01
-1.08670078e-03 4.41343545e-04 -1.63364549e-03 -1.56184119e-01 8.89756613e-03 -1.76490266e-01
0.00000000e+00 -8.26992334e-05 -1.48210745e-03 -4.77437266e-03 -1.25375925e-02 -1.39129778e-01
-1.20661556e-03 4.58830638e-04 -1.49145580e-03 -1.74484296e-01 3.47358918e-03 -1.59366494e-01
0.00000000e+00 -8.26992334e-05 -1.69537134e-03 -4.77437266e-03 -1.29686727e-02 -1.67986822e-01
-1.09600477e-03 4.58830638e-04 -1.71535939e-03 -1.59270028e-01 1.24102315e-02 -1.89404835e-01
0.00000000e+00 -7.31977316e-05 -1.56561655e-03 -4.22520867e-03 -1.12389664e-02 -1.50016331e-01
-1.20163713e-03 4.60968270e-04 -1.54186352e-03 -1.74794264e-01 4.68739882e-03 -1.66447329e-01
0.00000000e+00 -7.31977316e-05 -1.74947162e-03 -4.22520867e-03 -1.15821487e-02 -1.75835475e-01
-1.08760459e-03 4.60968270e-04 -1.75007015e-03 -1.58531066e-01 1.36955017e-02 -1.94636354e-01
0.00000000e+00 -6.85967469e-05 -1.60290185e-03 -3.95936684e-03 -1.05942552e-02 -1.55037597e-01
-1.18456712e-03 4.56435851e-04 -1.56718411e-03 -1.72419443e-01 5.15726276e-03 -1.69588597e-01
0.00000000e+00 -6.85967469e-05 -1.77320883e-03 -3.95936684e-03 -1.08976508e-02 -1.79352913e-01
-1.07070269e-03 4.56435851e-04 -1.76590234e-03 -1.55979030e-01 1.40402284e-02 -1.96601289e-01
0.00000000e+00 -6.58812991e-05 -1.62188893e-03 -3.80249388e-03 -1.02055805e-02 -1.57633431e-01
-1.16139113e-03 4.48768128e-04 -1.58242318e-03 -1.68758569e-01 5.31556537e-03 -1.71075590e-01
0.00000000e+00 -6.58812991e-05 -1.78451508e-03 -3.80249388e-03 -1.04863211e-02 -1.81043646e-01
-1.04944988e-03 4.48768128e-04 -1.77389255e-03 -1.52550934e-01 1.39752221e-02 -1.97167239e-01
0.00000000e+00 -6.39206671e-05 -1.63339121e-03 -3.68923755e-03 -9.92005341e-03 -1.59218611e-01
-1.13483619e-03 4.39456031e-04 -1.59361614e-03 -1.64450854e-01 5.33761724e-03 -1.71872569e-01
0.00000000e+00 -6.39206671e-05 -1.79065008e-03 -3.68923755e-03 -1.01848132e-02 -1.81964671e-01
-1.02567786e-03 4.39456031e-04 -1.77866202e-03 -1.48665534e-01 1.37251190e-02 -1.97141087e-01
0.00000000e+00 -6.22516640e-05 -1.64190215e-03 -3.59283394e-03 -9.67420758e-03 -1.60397647e-01
-1.10607359e-03 4.29124086e-04 -1.60331977e-03 -1.59774479e-01 5.29683195e-03 -1.72396101e-01
0.00000000e+00 -6.22516640e-05 -1.79469057e-03 -3.59283394e-03 -9.92564281e-03 -1.82572347e-01
-1.00014557e-03 4.29124086e-04 -1.78220182e-03 -1.44500589e-01 1.33862350e-02 -1.96874104e-01
0.00000000e+00 -6.06733181e-05 -1.64935788e-03 -3.50167232e-03 -9.44021925e-03 -1.61434869e-01
-1.07554319e-03 4.18011496e-04 -1.61265208e-03 -1.54841184e-01 5.22391623e-03 -1.72828835e-01
-3.46944695e-18 -6.06733181e-05 -1.79796959e-03 -3.50167232e-03 -9.67932497e-03 -1.83066164e-01
-9.73110918e-04 4.18011496e-04 -1.78538616e-03 -1.40123452e-01 1.29993422e-02 -1.96519958e-01
0.00000000e+00 -5.90947756e-05 -1.65661785e-03 -3.41050457e-03 -9.20537231e-03 -1.62448901e-01
-1.04333896e-03 4.06179326e-04 -1.62212537e-03 -1.49686782e-01 5.13100884e-03 -1.73253328e-01
0.00000000e+00 -5.90947756e-05 -1.80107892e-03 -3.41050457e-03 -9.43243379e-03 -1.83535171e-01
-9.44590728e-04 4.06179326e-04 -1.78861510e-03 -1.35550662e-01 1.25807801e-02 -1.96147474e-01
0.00000000e+00 -5.74726245e-05 -1.66408819e-03 -3.31682356e-03 -8.96350564e-03 -1.63496570e-01
-1.00938211e-03 3.93600567e-04 -1.63200300e-03 -1.44311641e-01 5.02191480e-03 -1.73710493e-01
0.00000000e+00 -5.74726245e-05 -1.80429961e-03 -3.31682356e-03 -9.17850081e-03 -1.84021907e-01
-9.14474758e-04 3.93600567e-04 -1.79209476e-03 -1.30774133e-01 1.21360051e-02 -1.95790338e-01
3.46944695e-18 -5.57837159e-05 -1.67199306e-03 -3.21929278e-03 -8.71127368e-03 -1.64609937e-01
-9.73493225e-04 3.80197457e-04 -1.64245663e-03 -1.38697887e-01 4.89644419e-03 -1.74225519e-01
0.00000000e+00 -5.57837159e-05 -1.80779100e-03 -3.21929278e-03 -8.91404642e-03 -1.84550710e-01
-8.82570649e-04 3.80197457e-04 -1.79596191e-03 -1.25771902e-01 1.16654500e-02 -1.95469183e-01
0.00000000e+00 -5.40131619e-05 -1.68049615e-03 -3.11705307e-03 -8.44648387e-03 -1.65813066e-01
-9.35416044e-04 3.65853936e-04 -1.65363869e-03 -1.32815865e-01 4.75212670e-03 -1.74819797e-01
0.00000000e+00 -5.40131619e-05 -1.81167632e-03 -3.11705307e-03 -8.63681950e-03 -1.85140617e-01
-8.48615175e-04 3.65853936e-04 -1.80034232e-03 -1.20511680e-01 1.11669395e-02 -1.95201829e-01
-6.93889390e-18 -5.21492029e-05 -1.68975915e-03 -3.00942606e-03 -8.16738559e-03 -1.67130250e-01
-8.94816302e-04 3.50414913e-04 -1.66572098e-03 -1.26625498e-01 4.58464136e-03 -1.75517189e-01
3.46944695e-18 -5.21492029e-05 -1.81608575e-03 -3.00942606e-03 -8.34504649e-03 -1.85811934e-01
-8.12266914e-04 3.50414913e-04 -1.80538393e-03 -1.14950865e-01 1.06364742e-02 -1.95008952e-01
0.00000000e+00 -5.01819160e-05 -1.69997729e-03 -2.89583959e-03 -7.87251184e-03 -1.68591207e-01
-8.51263642e-04 3.33675231e-04 -1.67892510e-03 -1.20074808e-01 4.38732839e-03 -1.76348849e-01
-6.93889390e-18 -5.01819160e-05 -1.82118755e-03 -2.89583959e-03 -8.03726343e-03 -1.86591063e-01
-7.73084462e-04 3.33675231e-04 -1.81128876e-03 -1.09034390e-01 1.00679852e-02 -1.94919273e-01
0.00000000e+00 -4.81064793e-05 -1.71141670e-03 -2.77601609e-03 -7.56122730e-03 -1.70236743e-01
-8.04192300e-04 3.15352428e-04 -1.69356732e-03 -1.13095847e-01 4.14927299e-03 -1.77360045e-01
0.00000000e+00 -4.81064793e-05 -1.82723186e-03 -2.77601609e-03 -7.71288452e-03 -1.87517428e-01
-7.30483178e-04 3.15352428e-04 -1.81837099e-03 -1.02690196e-01 9.45174617e-03 -1.94978688e-01
0.00000000e+00 -4.59372846e-05 -1.72448531e-03 -2.65078722e-03 -7.23602074e-03 -1.72129631e-01
-7.52813523e-04 2.95019297e-04 -1.71016313e-03 -1.05595643e-01 3.84987007e-03 -1.78625520e-01
0.00000000e+00 -4.59372846e-05 -1.83465288e-03 -2.65078722e-03 -7.37457523e-03 -1.88659634e-01
-6.83636392e-04 2.95019297e-04 -1.82720262e-03 -9.58188490e-02 8.76981731e-03 -1.95272645e-01
0.00000000e+00 -4.37497130e-05 -1.73991181e-03 -2.52450501e-03 -6.90930557e-03 -1.74382087e-01
-6.95892391e-04 2.71929703e-04 -1.72970743e-03 -9.74329628e-02 3.44462142e-03 -1.80290064e-01
0.00000000e+00 -4.37497130e-05 -1.84433979e-03 -2.52450501e-03 -7.03526980e-03 -1.90158573e-01
-6.31205687e-04 2.71929703e-04 -1.83899278e-03 -8.82633799e-02 7.98487586e-03 -1.95983735e-01
0.00000000e+00 -4.17766306e-05 -1.75920877e-03 -2.41061087e-03 -6.61930458e-03 -1.77227573e-01
-6.31161754e-04 2.44599960e-04 -1.75439279e-03 -8.83538283e-02 2.83377129e-03 -1.82673968e-01
0.00000000e+00 -4.17766306e-05 -1.85830826e-03 -2.41061087e-03 -6.73450978e-03 -1.92335689e-01
-5.70578586e-04 2.44599960e-04 -1.85646924e-03 -7.97152787e-02 7.01888517e-03 -1.97526429e-01
0.00000000e+00 -4.05323885e-05 -1.78572502e-03 -2.33879120e-03 -6.45141209e-03 -1.81188681e-01
-5.53988883e-04 2.10062868e-04 -1.78910877e-03 -7.78275412e-02 1.82156410e-03 -1.86506886e-01
0.00000000e+00 -4.05323885e-05 -1.88099520e-03 -2.33879120e-03 -6.56032857e-03 -1.95909785e-01
-4.96007807e-04 2.10062868e-04 -1.88534702e-03 -6.94553328e-02 5.73947519e-03 -2.00784868e-01
0.00000000e+00 -4.05114055e-05 -1.82624109e-03 -2.33758005e-03 -6.49367558e-03 -1.87355446e-01
-4.55629941e-04 1.63816578e-04 -1.84292709e-03 -6.47526506e-02 1.97816791e-04 -1.93235368e-01
0.00000000e+00 -4.05114055e-05 -1.92006818e-03 -2.33758005e-03 -6.60321384e-03 -2.02172885e-01
-3.95902899e-04 1.63816578e-04 -1.93414720e-03 -5.58674870e-02 4.08492894e-03 -2.07169488e-01
-6.93889390e-18 -3.95245804e-05 -1.88992059e-03 -2.28062047e-03 -6.40740077e-03 -1.97327511e-01
-3.26640575e-04 1.06080272e-04 -1.92334077e-03 -4.75038716e-02 -1.51168092e-03 -2.04424298e-01
6.93889390e-18 -3.95245804e-05 -1.97941886e-03 -2.28062047e-03 -6.51268792e-03 -2.11944923e-01
-2.56932482e-04 1.06080272e-04 -2.00079265e-03 -3.65514480e-02 2.76685024e-03 -2.16707984e-01
-6.93889390e-18 -2.46506404e-05 -1.97100058e-03 -1.42223875e-03 -4.05520227e-03 -2.10524861e-01
-1.83289250e-04 6.54079353e-05 -2.00146324e-03 -2.66107911e-02 2.55637267e-04 -2.16215429e-01
6.93889390e-18 -2.46506404e-05 -2.02554601e-03 -1.42223875e-03 -4.09653824e-03 -2.19747502e-01
-1.01088209e-04 6.54079353e-05 -2.01972750e-03 -1.30180979e-02 5.03238452e-03 -2.18966367e-01
0.00000000e+00 3.40071082e-05 -1.99029804e-03 1.96217545e-03 5.61465469e-03 -2.13764789e-01
-1.19217911e-04 1.23667371e-04 -1.92558910e-03 -1.23413315e-02 1.33249166e-02 -2.03481442e-01
0.00000000e+00 3.40071082e-05 -1.91377971e-03 1.96217545e-03 5.53650805e-03 -2.01148688e-01
-5.85857861e-05 1.23667371e-04 -1.74729344e-03 -2.13462091e-03 1.61912990e-02 -1.75693854e-01
0.00000000e+00 1.48307041e-04 -1.69237372e-03 8.57499474e-03 2.32757862e-02 -1.67754902e-01
-1.26400608e-20 0.00000000e+00 -2.19049582e-04 -1.70621207e-18 -7.29234279e-19 -1.69308186e-02
9.59650516e-04 -2.79800799e-04 7.64994252e-05 1.22273549e-01 1.73485635e-02 6.47601162e-03
8.38892277e-20 1.64295745e-04 -6.57484857e-04 9.50418637e-03 2.27227641e-02 -5.28985987e-02
9.34151617e-04 -2.79800799e-04 -7.93391214e-04 1.22581619e-01 1.44427631e-02 -7.06752731e-02
2.76812873e-21 1.64295745e-04 -1.19912118e-03 9.50418637e-03 2.39936616e-02 -1.05752201e-01
1.11803174e-03 -3.87115419e-04 -1.05405014e-03 1.52017620e-01 7.16602018e-03 -1.01439151e-01
-8.99316728e-20 1.05864416e-04 -1.27066154e-03 6.11440740e-03 1.55817710e-02 -1.13634167e-01
1.04010666e-03 -3.87115419e-04 -1.42329799e-03 1.45349456e-01 -1.99280629e-04 -1.45148556e-01
2.94609052e-19 1.05864416e-04 -1.56236684e-03 6.11440740e-03 1.62547506e-02 -1.49653080e-01
1.18691315e-03 -4.41343545e-04 -1.37461544e-03 1.68598149e-01 -4.03806615e-04 -1.42675721e-01
3.74394124e-19 8.26992334e-05 -1.48210745e-03 4.77437266e-03 1.25375925e-02 -1.39129778e-01
1.08670078e-03 -4.41343545e-04 -1.63364549e-03 1.56184119e-01 -8.89756613e-03 -1.76490266e-01
-8.21400944e-20 8.26992334e-05 -1.69537134e-03 4.77437266e-03 1.29686727e-02 -1.67986822e-01
1.20661556e-03 -4.58830638e-04 -1.49145580e-03 1.74484296e-01 -3.47358918e-03 -1.59366494e-01
4.94849448e-19 7.31977316e-05 -1.56561655e-03 4.22520867e-03 1.12389664e-02 -1.50016331e-01
1.09600477e-03 -4.58830638e-04 -1.71535939e-03 1.59270028e-01 -1.24102315e-02 -1.89404835e-01
3.12600065e-19 7.31977316e-05 -1.74947162e-03 4.22520867e-03 1.15821487e-02 -1.75835475e-01
1.20163713e-03 -4.60968270e-04 -1.54186352e-03 1.74794264e-01 -4.68739882e-03 -1.66447329e-01
-2.53883370e-19 6.85967469e-05 -1.60290185e-03 3.95936684e-03 1.05942552e-02 -1.55037597e-01
1.08760459e-03 -4.60968270e-04 -1.75007015e-03 1.58531066e-01 -1.36955017e-02 -1.94636354e-01
7.00050180e-21 6.85967469e-05 -1.77320883e-03 3.95936684e-03 1.08976508e-02 -1.79352913e-01
1.18456712e-03 -4.56435851e-04 -1.56718411e-03 1.72419443e-01 -5.15726276e-03 -1.69588597e-01
3.63360894e-20 6.58812991e-05 -1.62188893e-03 3.80249388e-03 1.02055805e-02 -1.57633431e-01
1.07070269e-03 -4.56435851e-04 -1.76590234e-03 1.55979030e-01 -1.40402284e-02 -1.96601289e-01
-3.70911126e-19 6.58812991e-05 -1.78451508e-03 3.80249388e-03 1.04863211e-02 -1.81043646e-01
1.16139113e-03 -4.48768128e-04 -1.58242318e-03 1.68758569e-01 -5.31556537e-03 -1.71075590e-01
-2.20495429e-19 6.39206671e-05 -1.63339121e-03 3.68923755e-03 9.92005341e-03 -1.59218611e-01
1.04944988e-03 -4.48768128e-04 -1.77389255e-03 1.52550934e-01 -1.39752221e-02 -1.97167239e-01
-2.36712109e-19 6.39206671e-05 -1.79065008e-03 3.68923755e-03 1.01848132e-02 -1.81964671e-01
1.13483619e-03 -4.39456031e-04 -1.59361614e-03 1.64450854e-01 -5.33761724e-03 -1.71872569e-01
-3.31435132e-19 6.22516640e-05 -1.64190215e-03 3.59283394e-03 9.67420758e-03 -1.60397647e-01
1.02567786e-03 -4.39456031e-04 -1.77866202e-03 1.48665534e-01 -1.37251190e-02 -1.97141087e-01
-2.71048679e-19 6.22516640e-05 -1.79469057e-03 3.59283394e-03 9.92564281e-03 -1.82572347e-01
1.10607359e-03 -4.29124086e-04 -1.60331977e-03 1.59774479e-01 -5.29683195e-03 -1.72396101e-01
-3.68057878e-19 6.06733181e-05 -1.64935788e-03 3.50167232e-03 9.44021925e-03 -1.61434869e-01
1.00014557e-03 -4.29124086e-04 -1.78220182e-03 1.44500589e-01 -1.33862350e-02 -1.96874104e-01
-7.54487927e-19 6.06733181e-05 -1.79796959e-03 3.50167232e-03 9.67932497e-03 -1.83066164e-01
1.07554319e-03 -4.18011496e-04 -1.61265208e-03 1.54841184e-01 -5.22391623e-03 -1.72828835e-01
-3.85302953e-19 5.90947756e-05 -1.65661785e-03 3.41050457e-03 9.20537231e-03 -1.62448901e-01
9.73110918e-04 -4.18011496e-04 -1.78538616e-03 1.40123452e-01 -1.29993422e-02 -1.96519958e-01
-9.91732253e-19 5.90947756e-05 -1.80107892e-03 3.41050457e-03 9.43243379e-03 -1.83535171e-01
1.04333896e-03 -4.06179326e-04 -1.62212537e-03 1.49686782e-01 -5.13100884e-03 -1.73253328e-01
-1.31453952e-20 5.74726245e-05 -1.66408819e-03 3.31682356e-03 8.96350564e-03 -1.63496570e-01
9.44590728e-04 -4.06179326e-04 -1.78861510e-03 1.35550662e-01 -1.25807801e-02 -1.96147474e-01
-1.83114721e-19 5.74726245e-05 -1.80429961e-03 3.31682356e-03 9.17850081e-03 -1.84021907e-01
1.00938211e-03 -3.93600567e-04 -1.63200300e-03 1.44311641e-01 -5.02191480e-03 -1.73710493e-01
1.54077978e-18 5.57837159e-05 -1.67199306e-03 3.21929278e-03 8.71127368e-03 -1.64609937e-01
9.14474758e-04 -3.93600567e-04 -1.79209476e-03 1.30774133e-01 -1.21360051e-02 -1.95790338e-01
-4.72209504e-19 5.57837159e-05 -1.80779100e-03 3.21929278e-03 8.91404642e-03 -1.84550710e-01
9.73493225e-04 -3.80197457e-04 -1.64245663e-03 1.38697887e-01 -4.89644419e-03 -1.74225519e-01
-5.13576841e-20 5.40131619e-05 -1.68049615e-03 3.11705307e-03 8.44648387e-03 -1.65813066e-01
8.82570649e-04 -3.80197457e-04 -1.79596191e-03 1.25771902e-01 -1.16654500e-02 -1.95469183e-01
4.08499393e-19 5.40131619e-05 -1.81167632e-03 3.11705307e-03 8.63681950e-03 -1.85140617e-01
9.35416044e-04 -3.65853936e-04 -1.65363869e-03 1.32815865e-01 -4.75212670e-03 -1.74819797e-01
-2.57297818e-18 5.21492029e-05 -1.68975915e-03 3.00942606e-03 8.16738559e-03 -1.67130250e-01
8.48615175e-04 -3.65853936e-04 -1.80034232e-03 1.20511680e-01 -1.11669395e-02 -1.95201829e-01
3.55855033e-18 5.21492029e-05 -1.81608575e-03 3.00942606e-03 8.34504649e-03 -1.85811934e-01
8.94816302e-04 -3.50414913e-04 -1.66572098e-03 1.26625498e-01 -4.58464136e-03 -1.75517189e-01
-2.45586625e-20 5.01819160e-05 -1.69997729e-03 2.89583959e-03 7.87251184e-03 -1.68591207e-01
8.12266914e-04 -3.50414913e-04 -1.80538393e-03 1.14950865e-01 -1.06364742e-02 -1.95008952e-01
-3.10609871e-18 5.01819160e-05 -1.82118755e-03 2.89583959e-03 8.03726343e-03 -1.86591063e-01
8.51263642e-04 -3.33675231e-04 -1.67892510e-03 1.20074808e-01 -4.38732839e-03 -1.76348849e-01
-4.90152534e-19 4.81064793e-05 -1.71141670e-03 2.77601609e-03 7.56122730e-03 -1.70236743e-01
7.73084462e-04 -3.33675231e-04 -1.81128876e-03 1.09034390e-01 -1.00679852e-02 -1.94919273e-01
9.64060229e-20 4.81064793e-05 -1.82723186e-03 2.77601609e-03 7.71288452e-03 -1.87517428e-01
8.04192300e-04 -3.15352428e-04 -1.69356732e-03 1.13095847e-01 -4.14927299e-03 -1.77360045e-01
-1.01566823e-18 4.59372846e-05 -1.72448531e-03 2.65078722e-03 7.23602074e-03 -1.72129631e-01
7.30483178e-04 -3.15352428e-04 -1.81837099e-03 1.02690196e-01 -9.45174617e-03 -1.94978688e-01
-2.92032927e-19 4.59372846e-05 -1.83465288e-03 2.65078722e-03 7.37457523e-03 -1.88659634e-01
7.52813523e-04 -2.95019297e-04 -1.71016313e-03 1.05595643e-01 -3.84987007e-03 -1.78625520e-01
3.38007520e-19 4.37497130e-05 -1.73991181e-03 2.52450501e-03 6.90930557e-03 -1.74382087e-01
6.83636392e-04 -2.95019297e-04 -1.82720262e-03 9.58188490e-02 -8.76981731e-03 -1.95272645e-01
2.24127408e-18 4.37497130e-05 -1.84433979e-03 2.52450501e-03 7.03526980e-03 -1.90158573e-01
6.95892391e-04 -2.71929703e-04 -1.72970743e-03 9.74329628e-02 -3.44462142e-03 -1.80290064e-01
-3.98919276e-19 4.17766306e-05 -1.75920877e-03 2.41061087e-03 6.61930458e-03 -1.77227573e-01
6.31205687e-04 -2.71929703e-04 -1.83899278e-03 8.82633799e-02 -7.98487586e-03 -1.95983735e-01
-2.20223834e-18 4.17766306e-05 -1.85830826e-03 2.41061087e-03 6.73450978e-03 -1.92335689e-01
6.31161754e-04 -2.44599960e-04 -1.75439279e-03 8.83538283e-02 -2.83377129e-03 -1.82673968e-01
2.41293347e-19 4.05323885e-05 -1.78572502e-03 2.33879120e-03 6.45141209e-03 -1.81188681e-01
5.70578586e-04 -2.44599960e-04 -1.85646924e-03 7.97152787e-02 -7.01888517e-03 -1.97526429e-01
1.37355243e-18 4.05323885e-05 -1.88099520e-03 2.33879120e-03 6.56032857e-03 -1.95909785e-01
5.53988883e-04 -2.10062868e-04 -1.78910877e-03 7.78275412e-02 -1.82156410e-03 -1.86506886e-01
4.96540046e-19 4.05114055e-05 -1.82624109e-03 2.33758005e-03 6.49367558e-03 -1.87355446e-01
4.96007807e-04 -2.10062868e-04 -1.88534702e-03 6.94553328e-02 -5.73947519e-03 -2.00784868e-01
5.93917187e-19 4.05114055e-05 -1.92006818e-03 2.33758005e-03 6.60321384e-03 -2.02172885e-01
4.55629941e-04 -1.63816578e-04 -1.84292709e-03 6.47526506e-02 -1.97816791e-04 -1.93235368e-01
-1.17690083e-18 3.95245804e-05 -1.88992059e-03 2.28062047e-03 6.40740077e-03 -1.97327511e-01
3.95902899e-04 -1.63816578e-04 -1.93414720e-03 5.58674870e-02 -4.08492894e-03 -2.07169488e-01
1.42788571e-18 3.95245804e-05 -1.97941886e-03 2.28062047e-03 6.51268792e-03 -2.11944923e-01
3.26640575e-04 -1.06080272e-04 -1.92334077e-03 4.75038716e-02 1.51168092e-03 -2.04424298e-01
-1.98212751e-18 2.46506404e-05 -1.97100058e-03 1.42223875e-03 4.05520227e-03 -2.10524861e-01
2.56932482e-04 -1.06080272e-04 -2.00079265e-03 3.65514480e-02 -2.76685024e-03 -2.16707984e-01
2.61171030e-18 2.46506404e-05 -2.02554601e-03 1.42223875e-03 4.09653824e-03 -2.19747502e-01
1.83289250e-04 -6.54079353e-05 -2.00146324e-03 2.66107911e-02 -2.55637267e-04 -2.16215429e-01
-8.91006991e-20 -3.40071082e-05 -1.99029804e-03 -1.96217545e-03 -5.61465469e-03 -2.13764789e-01
1.01088209e-04 -6.54079353e-05 -2.01972750e-03 1.30180979e-02 -5.03238452e-03 -2.18966367e-01
2.13256753e-19 -3.40071082e-05 -1.91377971e-03 -1.96217545e-03 -5.53650805e-03 -2.01148688e-01
1.19217911e-04 -1.23667371e-04 -1.92558910e-03 1.23413315e-02 -1.33249166e-02 -2.03481442e-01
-3.14073348e-19 -1.48307041e-04 -1.69237372e-03 -8.57499474e-03 -2.32757862e-02 -1.67754902e-01
5.85857861e-05 -1.23667371e-04 -1.74729344e-03 2.13462091e-03 -1.61912990e-02 -1.75693854e-01
9.59650516e-04 1.50519697e-04 7.13751864e-05 1.52764445e-01 8.46189518e-02 6.01126197e-03
1.91024257e-03 0.00000000e+00 -3.33319012e-04 3.52614590e-01 1.50420876e-01 -3.52808642e-02
9.34151617e-04 1.50519697e-04 -7.98515452e-04 1.52812534e-01 8.32927948e-02 -7.08401285e-02
2.17407614e-03 -5.61549492e-04 -7.26494410e-04 3.77603600e-01 4.99653132e-02 -8.70102183e-02
1.11803174e-03 -1.65532006e-04 -9.58977359e-04 1.64834917e-01 4.44066865e-02 -8.99744529e-02
2.10741556e-03 -5.61549492e-04 -1.16862405e-03 3.71852559e-01 4.08553086e-02 -1.44929342e-01
1.04010666e-03 -1.65532006e-04 -1.32822520e-03 1.57313331e-01 3.79235258e-02 -1.31529083e-01
2.33331079e-03 -7.44430259e-04 -1.10835707e-03 4.24006749e-01 1.61593952e-02 -1.46874117e-01
1.18691315e-03 -2.83391547e-04 -1.21705247e-03 1.74801642e-01 2.81071900e-02 -1.21427107e-01
2.23119693e-03 -7.44430259e-04 -1.40028408e-03 4.04972274e-01 4.56245745e-03 -1.88426660e-01
1.08670078e-03 -2.83391547e-04 -1.47608252e-03 1.61683970e-01 2.00369850e-02 -1.52604779e-01
2.37815581e-03 -8.05783763e-04 -1.20725908e-03 4.38077764e-01 3.04417209e-03 -1.64952331e-01
1.20661556e-03 -3.24500668e-04 -1.30638996e-03 1.77999122e-01 2.17324981e-02 -1.33330929e-01
2.25709554e-03 -8.05783763e-04 -1.47523300e-03 4.12498855e-01 -9.70916469e-03 -2.03356105e-01
1.09600477e-03 -3.24500668e-04 -1.53029354e-03 1.62225544e-01 1.30907709e-02 -1.60661110e-01
2.37070118e-03 -8.21098674e-04 -1.24815114e-03 4.36425118e-01 -1.89022956e-03 -1.71402915e-01
1.20163713e-03 -3.37096319e-04 -1.34749906e-03 1.77219781e-01 1.89276742e-02 -1.38619503e-01
2.24102040e-03 -8.21098674e-04 -1.50766134e-03 4.08202742e-01 -1.50626279e-02 -2.08398440e-01
1.08760459e-03 -3.37096319e-04 -1.55570569e-03 1.60494224e-01 1.01692319e-02 -1.64147748e-01
2.33924986e-03 -8.18244372e-04 -1.27294702e-03 4.27664631e-01 -3.74642632e-03 -1.73923808e-01
1.18456712e-03 -3.38160953e-04 -1.37228850e-03 1.74437570e-01 1.74709198e-02 -1.41458959e-01
2.20603253e-03 -8.18244372e-04 -1.52577879e-03 3.98629389e-01 -1.69552112e-02 -2.09666703e-01
1.07070269e-03 -3.38160953e-04 -1.57100672e-03 1.57602828e-01 8.81794944e-03 -1.65908209e-01
2.29611315e-03 -8.07487976e-04 -1.29264028e-03 4.15685461e-01 -4.37719497e-03 -1.74954799e-01
1.16139113e-03 -3.34165601e-04 -1.39110352e-03 1.70664246e-01 1.65567314e-02 -1.43344283e-01
2.16175302e-03 -8.07487976e-04 -1.53863184e-03 3.86668053e-01 -1.74365289e-02 -2.09403069e-01
1.04944988e-03 -3.34165601e-04 -1.58257290e-03 1.54115257e-01 8.11669779e-03 -1.66992468e-01
2.24661227e-03 -7.92889421e-04 -1.31081399e-03 4.02192391e-01 -4.49699575e-03 -1.75388662e-01
1.13483619e-03 -3.27761279e-04 -1.40778512e-03 1.66370786e-01 1.58679360e-02 -1.44862601e-01
2.11225723e-03 -7.92889421e-04 -1.54957888e-03 3.73571556e-01 -1.73159015e-02 -2.08495825e-01
1.02567786e-03 -3.27761279e-04 -1.59283101e-03 1.50289119e-01 7.69334186e-03 -1.67817650e-01
2.19297257e-03 -7.76114564e-04 -1.32880146e-03 3.87913823e-01 -4.39841687e-03 -1.75577561e-01
1.10607359e-03 -3.20064320e-04 -1.42389006e-03 1.61761607e-01 1.52719800e-02 -1.46258732e-01
2.05921432e-03 -7.76114564e-04 -1.55997260e-03 3.59869468e-01 -1.69289879e-02 -2.07311142e-01
1.00014557e-03 -3.20064320e-04 -1.60277211e-03 1.46231684e-01 7.39017809e-03 -1.68557512e-01
2.13602087e-03 -7.57825590e-04 -1.34715397e-03 3.73146147e-01 -4.20494520e-03 -1.75665857e-01
1.07554319e-03 -3.11532169e-04 -1.44009184e-03 1.56916021e-01 1.47118814e-02 -1.47639433e-01
2.00321305e-03 -7.57825590e-04 -1.57038977e-03 3.45772761e-01 -1.64178706e-02 -2.06002356e-01
9.73110918e-04 -3.11532169e-04 -1.61282592e-03 1.41979317e-01 7.13918056e-03 -1.69287228e-01
2.07593518e-03 -7.38237945e-04 -1.36613249e-03 3.57995067e-01 -3.96864644e-03 -1.75714275e-01
1.04333896e-03 -3.02327840e-04 -1.45670782e-03 1.51855367e-01 1.41630558e-02 -1.49054333e-01
1.94433795e-03 -7.38237945e-04 -1.58109608e-03 3.31351567e-01 -1.58420592e-02 -2.04634091e-01
9.44590728e-04 -3.02327840e-04 -1.62319755e-03 1.37534689e-01 6.91110606e-03 -1.70041481e-01
2.01257240e-03 -7.17355075e-04 -1.38589160e-03 3.42480838e-01 -3.71053588e-03 -1.75749620e-01
1.00938211e-03 -2.92476926e-04 -1.47391431e-03 1.46573181e-01 1.36151349e-02 -1.50529944e-01
1.88241755e-03 -7.17355075e-04 -1.59223496e-03 3.16612044e-01 -1.52250600e-02 -2.03234173e-01
9.14474758e-04 -2.92476926e-04 -1.63400607e-03 1.32883119e-01 6.69369565e-03 -1.70838888e-01
1.94560412e-03 -6.95066814e-04 -1.40655377e-03 3.26582870e-01 -3.43775796e-03 -1.75785538e-01
9.73493225e-04 -2.81934333e-04 -1.49183938e-03 1.41047846e-01 1.30641451e-02 -1.52084541e-01
1.81712409e-03 -6.95066814e-04 -1.60390809e-03 3.01528412e-01 -1.45743664e-02 -2.01815794e-01
8.82570649e-04 -2.81934333e-04 -1.64534467e-03 1.27998988e-01 6.48220324e-03 -1.71692690e-01
1.87456255e-03 -6.71186078e-04 -1.42824249e-03 3.10257333e-01 -3.15080154e-03 -1.75831506e-01
9.35416044e-04 -2.70609730e-04 -1.51060606e-03 1.35247089e-01 1.25092574e-02 -1.53735116e-01
1.74800299e-03 -6.71186078e-04 -1.61621184e-03 2.86054992e-01 -1.38899492e-02 -2.00387217e-01
8.48615175e-04 -2.70609730e-04 -1.65730969e-03 1.22847420e-01 6.27538715e-03 -1.72615851e-01
1.79884084e-03 -6.45454717e-04 -1.45110018e-03 2.93442529e-01 -2.84617603e-03 -1.75897138e-01
8.94816302e-04 -2.58371847e-04 -1.53035742e-03 1.29128542e-01 1.19517985e-02 -1.55501337e-01
1.67446501e-03 -6.45454717e-04 -1.62925718e-03 2.70128974e-01 -1.31675555e-02 -1.98956412e-01
8.12266914e-04 -2.58371847e-04 -1.67002037e-03 1.17383530e-01 6.07414649e-03 -1.73624330e-01
1.71766377e-03 -6.17528946e-04 -1.47530359e-03 2.76058120e-01 -2.51656607e-03 -1.75994996e-01
8.51263642e-04 -2.45036448e-04 -1.55128074e-03 1.22638149e-01 1.13960338e-02 -1.57409228e-01
1.59575159e-03 -6.17528946e-04 -1.64318676e-03 2.53668165e-01 -1.23992764e-02 -1.97534153e-01
7.73084462e-04 -2.45036448e-04 -1.68364440e-03 1.11550179e-01 5.88206526e-03 -1.74741061e-01
1.63002713e-03 -5.86940002e-04 -1.50108733e-03 2.57999949e-01 -2.14835748e-03 -1.76143940e-01
8.04192300e-04 -2.30327614e-04 -1.57364967e-03 1.15706786e-01 1.08530249e-02 -1.59497255e-01
1.51086736e-03 -5.86940002e-04 -1.65820166e-03 2.36564350e-01 -1.15715908e-02 -1.96137851e-01
7.30483178e-04 -2.30327614e-04 -1.69845334e-03 1.05274119e-01 5.70899076e-03 -1.76004190e-01
1.53458103e-03 -5.53003806e-04 -1.52879506e-03 2.39128705e-01 -1.71381305e-03 -1.76375516e-01
7.52813523e-04 -2.13774144e-04 -1.59791896e-03 1.08243353e-01 1.03520187e-02 -1.61829520e-01
1.41844745e-03 -5.53003806e-04 -1.67461888e-03 2.18668981e-01 -1.06586427e-02 -1.94798815e-01
6.83636392e-04 -2.13774144e-04 -1.71495845e-03 9.84577369e-02 5.58167902e-03 -1.77486862e-01
1.42938249e-03 -5.14607400e-04 -1.55900230e-03 2.19244676e-01 -1.15059025e-03 -1.76748207e-01
6.95892391e-04 -1.94448463e-04 -1.62493685e-03 1.00115961e-01 9.96897580e-03 -1.64524809e-01
1.31646351e-03 -5.14607400e-04 -1.69300170e-03 1.99759332e-01 -9.60463562e-03 -1.93577185e-01
6.31205687e-04 -1.94448463e-04 -1.73422220e-03 9.09533936e-02 5.56959252e-03 -1.79342020e-01
1.31132933e-03 -4.69719314e-04 -1.59279353e-03 1.98027360e-01 -3.15861967e-04 -1.77378536e-01
6.31161754e-04 -1.70403581e-04 -1.65634692e-03 9.10923878e-02 9.88218030e-03 -1.67811994e-01
1.20151784e-03 -4.69719314e-04 -1.71442882e-03 1.79452587e-01 -8.28580645e-03 -1.92590328e-01
5.70578586e-04 -1.70403581e-04 -1.75842337e-03 8.24749702e-02 5.83090963e-03 -1.81883874e-01
1.17489808e-03 -4.14454053e-04 -1.63228082e-03 1.74892893e-01 1.08503247e-03 -1.78502442e-01
5.53988883e-04 -1.37935131e-04 -1.69504847e-03 8.06660214e-02 1.04138101e-02 -1.72101127e-01
1.06719130e-03 -4.14454053e-04 -1.74094909e-03 1.56994718e-01 -6.46009183e-03 -1.92061144e-01
4.96007807e-04 -1.37935131e-04 -1.79128672e-03 7.23312860e-02 6.62671917e-03 -1.85656643e-01
1.00985289e-03 -3.42260815e-04 -1.68121214e-03 1.48700685e-01 3.46890853e-03 -1.80580542e-01
4.55629941e-04 -9.28842740e-05 -1.74468410e-03 6.76777850e-02 1.17287075e-02 -1.77959775e-01
9.00816625e-04 -3.42260815e-04 -1.77609992e-03 1.30816880e-01 -3.84803195e-03 -1.92408237e-01
3.95902899e-04 -9.28842740e-05 -1.83590421e-03 5.88647192e-02 7.97102985e-03 -1.91158737e-01
7.99833157e-04 -2.48004793e-04 -1.74451522e-03 1.17370058e-01 6.58478943e-03 -1.84443203e-01
3.26640575e-04 -4.35976980e-05 -1.80507597e-03 5.00461398e-02 1.19774030e-02 -1.85601995e-01
6.80647681e-04 -2.48004793e-04 -1.82466058e-03 9.79643809e-02 -1.00264100e-03 -1.94455115e-01
2.56932482e-04 -4.35976980e-05 -1.88252785e-03 3.92662545e-02 7.79883478e-03 -1.97112630e-01
5.35410832e-04 -1.53913747e-04 -1.82250324e-03 7.84732502e-02 6.19029166e-03 -1.91108703e-01
1.83289250e-04 -5.26984402e-05 -1.85682736e-03 2.65585125e-02 2.08081650e-03 -1.92598417e-01
3.91650561e-04 -1.53913747e-04 -1.88523178e-03 5.51609793e-02 -2.46395058e-03 -1.99126569e-01
1.01088209e-04 -5.26984402e-05 -1.87509162e-03 1.33125157e-02 -2.69190063e-03 -1.95138830e-01
2.83044480e-04 -1.76637090e-04 -1.88170893e-03 3.58701757e-02 -1.24039680e-02 -1.97610462e-01
1.19217911e-04 -2.76396148e-04 -1.80091816e-03 3.13763283e-03 -3.74399350e-02 -1.84717598e-01
1.22274392e-04 -1.76637090e-04 -1.89082255e-03 9.67463826e-03 -2.16452185e-02 -1.98119828e-01
5.85857861e-05 -2.76396148e-04 -1.62262251e-03 -6.89647915e-03 -3.96544421e-02 -1.58676641e-01
2.90471149e-04 -5.33732649e-04 -1.71890382e-03 1.56534107e-02 -6.88203421e-02 -1.76172758e-01
1.91024257e-03 0.00000000e+00 -3.33319012e-04 3.52614590e-01 1.50420876e-01 -3.52808642e-02
3.21530427e-03 -6.88762478e-04 -2.03850404e-04 7.54595447e-01 1.28319166e-01 -3.27009453e-02
2.17407614e-03 -3.45577044e-04 -6.49031118e-04 3.96084770e-01 1.00175305e-01 -7.62225738e-02
3.19646808e-03 -6.88762478e-04 -9.24047399e-04 7.65425140e-01 1.21503002e-01 -1.53147817e-01
2.10741556e-03 -3.45577044e-04 -1.09116076e-03 3.88537608e-01 9.13244273e-02 -1.32208862e-01
3.52815911e-03 -1.03663838e-03 -8.98284530e-04 8.93265063e-01 3.89652897e-02 -1.68113541e-01
2.33331079e-03 -6.08454931e-04 -8.81608734e-04 4.26915175e-01 5.14600923e-02 -1.12518981e-01
3.45905636e-03 -1.03663838e-03 -1.13996232e-03 8.69385177e-01 2.76803173e-02 -2.13429044e-01
2.23119693e-03 -6.08454931e-04 -1.17353574e-03 4.05335642e-01 3.99894575e-02 -1.50985693e-01
3.57865066e-03 -1.13989506e-03 -8.81031948e-04 9.09340152e-01 6.19893934e-03 -1.68631674e-01
2.37815581e-03 -6.88981897e-04 -9.12088421e-04 4.35557095e-01 3.53610626e-02 -1.19008079e-01
3.48739559e-03 -1.13989506e-03 -1.14101451e-03 8.74367079e-01 -7.06782044e-03 -2.17347490e-01
2.25709554e-03 -6.88981897e-04 -1.18006234e-03 4.07208101e-01 2.28192495e-02 -1.53968393e-01
3.55099936e-03 -1.16217853e-03 -8.66370488e-04 8.91447479e-01 -4.44980724e-03 -1.64682723e-01
2.37070118e-03 -7.11595679e-04 -9.24986987e-04 4.31755201e-01 2.91078062e-02 -1.20833138e-01
3.45145971e-03 -1.16217853e-03 -1.13809360e-03 8.53311620e-01 -1.82575244e-02 -2.14998925e-01
2.24102040e-03 -7.11595679e-04 -1.18449720e-03 4.00752638e-01 1.61954158e-02 -1.54272326e-01
3.49557551e-03 -1.15787445e-03 -8.69272080e-04 8.62386935e-01 -7.99990681e-03 -1.62589689e-01
2.33924986e-03 -7.12981427e-04 -9.40525262e-04 4.22110103e-01 2.61413153e-02 -1.22015212e-01
3.39208858e-03 -1.15787445e-03 -1.14286719e-03 8.23464781e-01 -2.18862754e-02 -2.12336668e-01
2.20603253e-03 -7.12981427e-04 -1.19335703e-03 3.90410066e-01 1.32055829e-02 -1.54209479e-01
3.42810203e-03 -1.14324256e-03 -8.82350839e-04 8.29229322e-01 -8.99457899e-03 -1.61792126e-01
2.29611315e-03 -7.05523388e-04 -9.59575215e-04 4.09778740e-01 2.43990069e-02 -1.23199740e-01
3.32205674e-03 -1.14324256e-03 -1.15304380e-03 7.90309565e-01 -2.28068270e-02 -2.09965504e-01
2.16175302e-03 -7.05523388e-04 -1.20556677e-03 3.78272958e-01 1.16071828e-02 -1.54167234e-01
3.35402464e-03 -1.12385944e-03 -9.00876405e-04 7.94422577e-01 -8.98283840e-03 -1.61631916e-01
2.24661227e-03 -6.93925757e-04 -9.81137370e-04 3.96172709e-01 2.31444188e-02 -1.24464296e-01
3.24587494e-03 -1.12385944e-03 -1.16639442e-03 7.55797001e-01 -2.26624408e-02 -2.07790833e-01
2.11225723e-03 -6.93925757e-04 -1.21990226e-03 3.65265970e-01 1.05790097e-02 -1.54189313e-01
3.27526891e-03 -1.10181916e-03 -9.22533747e-04 7.58866562e-01 -8.55348856e-03 -1.61744722e-01
2.19297257e-03 -6.80081729e-04 -1.00451557e-03 3.81898948e-01 2.20888684e-02 -1.25801599e-01
3.16514710e-03 -1.10181916e-03 -1.18169378e-03 7.20660578e-01 -2.20725744e-02 -2.05692544e-01
2.05921432e-03 -6.80081729e-04 -1.23568670e-03 3.51780485e-01 9.79419981e-03 -1.54268797e-01
3.19240507e-03 -1.07791133e-03 -9.46292218e-04 7.22896017e-01 -7.94603346e-03 -1.61952905e-01
2.13602087e-03 -6.64743023e-04 -1.02938584e-03 3.67203501e-01 2.11130280e-02 -1.27201237e-01
3.08032424e-03 -1.07791133e-03 -1.19837185e-03 6.85177443e-01 -2.12871210e-02 -2.03597712e-01
2.00321305e-03 -6.64743023e-04 -1.25262165e-03 3.37969445e-01 9.11704021e-03 -1.54398209e-01
3.10542115e-03 -1.05238032e-03 -9.71744785e-04 6.86626166e-01 -7.26077535e-03 -1.62172490e-01
2.07593518e-03 -6.48164500e-04 -1.05564665e-03 3.52171847e-01 2.01666677e-02 -1.28659079e-01
2.99134782e-03 -1.05238032e-03 -1.21620255e-03 6.49443668e-01 -2.04096893e-02 -2.01466898e-01
1.94433795e-03 -6.48164500e-04 -1.27061023e-03 3.23879094e-01 8.49084755e-03 -1.54574794e-01
3.01401541e-03 -1.02521826e-03 -9.98780874e-04 6.50082132e-01 -6.53956645e-03 -1.62362776e-01
2.01257240e-03 -6.30370137e-04 -1.08331282e-03 3.36816788e-01 1.92290041e-02 -1.30175708e-01
2.89789775e-03 -1.02521826e-03 -1.23512873e-03 6.13479657e-01 -1.94827274e-02 -1.99277825e-01
1.88241755e-03 -6.30370137e-04 -1.28965618e-03 3.09506111e-01 7.89281460e-03 -1.54799172e-01
2.91770350e-03 -9.96282133e-04 -1.02743358e-03 6.13248731e-01 -5.79902596e-03 -1.62501989e-01
1.94560412e-03 -6.11263713e-04 -1.11246015e-03 3.21115568e-01 1.82922127e-02 -1.31754528e-01
2.79948319e-03 -9.96282133e-04 -1.25517567e-03 5.77271231e-01 -1.85223185e-02 -1.97015755e-01
1.81712409e-03 -6.11263713e-04 -1.30981446e-03 2.94821143e-01 7.31502291e-03 -1.55073944e-01
2.81584578e-03 -9.65336358e-04 -1.05781112e-03 5.76089018e-01 -5.04453258e-03 -1.62576017e-01
1.87456255e-03 -5.90670787e-04 -1.14319998e-03 3.05024226e-01 1.73545759e-02 -1.33400734e-01
2.69546337e-03 -9.65336358e-04 -1.27641090e-03 5.40784836e-01 -1.75327940e-02 -1.94668586e-01
1.74800299e-03 -5.90670787e-04 -1.33116932e-03 2.79777149e-01 6.75644745e-03 -1.55402941e-01
2.70763386e-03 -9.32059565e-04 -1.09006802e-03 5.38549773e-01 -4.27590879e-03 -1.62573286e-01
1.79884084e-03 -5.68346982e-04 -1.17566933e-03 2.88481522e-01 1.64179851e-02 -1.35120988e-01
2.58503138e-03 -9.32059565e-04 -1.29892632e-03 5.03971622e-01 -1.65127064e-02 -1.92224427e-01
1.67446501e-03 -5.68346982e-04 -1.35382633e-03 2.64310566e-01 6.21988941e-03 -1.55791014e-01
2.59204855e-03 -8.96028796e-04 -1.12439523e-03 5.00560825e-01 -3.48910403e-03 -1.62482445e-01
1.71766377e-03 -5.43964224e-04 -1.21003007e-03 2.71407496e-01 1.54879594e-02 -1.36923639e-01
2.46716999e-03 -8.96028796e-04 -1.32283076e-03 4.66765870e-01 -1.54567274e-02 -1.89670288e-01
1.59575159e-03 -5.43964224e-04 -1.37791324e-03 2.48338338e-01 5.71159781e-03 -1.56244393e-01
2.46778634e-03 -8.56680572e-04 -1.16102071e-03 4.62030204e-01 -2.67503710e-03 -1.62291405e-01
1.63002713e-03 -5.17070533e-04 -1.24647609e-03 2.53697963e-01 1.45764720e-02 -1.38819591e-01
2.34057458e-03 -8.56680572e-04 -1.34824672e-03 4.29078901e-01 -1.43548139e-02 -1.86991036e-01
1.51086736e-03 -5.17070533e-04 -1.40359042e-03 2.31750950e-01 5.24357492e-03 -1.56771853e-01
2.33313673e-03 -8.13232954e-04 -1.20021769e-03 4.22834195e-01 -1.81431628e-03 -1.61986895e-01
1.53458103e-03 -4.86996735e-04 -1.28525059e-03 2.35212725e-01 1.37104115e-02 -1.40823660e-01
2.20352109e-03 -8.13232954e-04 -1.37530544e-03 3.90786341e-01 -1.31876136e-02 -1.84167342e-01
1.41844745e-03 -4.86996735e-04 -1.43107441e-03 2.14397751e-01 4.84091247e-03 -1.57386624e-01
2.18576691e-03 -7.64526117e-04 -1.24231662e-03 3.82797928e-01 -8.63344970e-04 -1.61553029e-01
1.42938249e-03 -4.52640921e-04 -1.32666801e-03 2.15748633e-01 1.29524157e-02 -1.42954255e-01
2.05362607e-03 -7.64526117e-04 -1.40412334e-03 3.51702137e-01 -1.19141241e-02 -1.81169094e-01
1.31646351e-03 -4.52640921e-04 -1.46066741e-03 1.96051765e-01 4.55969240e-03 -1.58106115e-01
2.02232037e-03 -7.08692559e-04 -1.28769428e-03 3.41656894e-01 2.76467650e-04 -1.60963582e-01
1.31132933e-03 -4.11995059e-04 -1.37108517e-03 1.94973070e-01 1.24438662e-02 -1.45221113e-01
1.88738306e-03 -7.08692559e-04 -1.43470435e-03 3.11525563e-01 -1.04444580e-02 -1.77934644e-01
1.20151784e-03 -4.11995059e-04 -1.49272046e-03 1.76318915e-01 4.52199844e-03 -1.58935682e-01
1.83765655e-03 -6.42528844e-04 -1.33663107e-03 2.98983254e-01 1.81111147e-03 -1.60153155e-01
1.17489808e-03 -3.61283354e-04 -1.41859491e-03 1.72265977e-01 1.24638446e-02 -1.47570128e-01
1.69925313e-03 -6.42528844e-04 -1.46662668e-03 2.69739271e-01 -8.59589615e-03 -1.74317587e-01
1.06719130e-03 -3.61283354e-04 -1.52726318e-03 1.54415517e-01 4.95360040e-03 -1.59798202e-01
1.62350774e-03 -5.60622276e-04 -1.38875546e-03 2.54060991e-01 4.08367446e-03 -1.58945375e-01
1.00985289e-03 -2.94241493e-04 -1.46787339e-03 1.46412511e-01 1.33845194e-02 -1.49734753e-01
1.47997025e-03 -5.60622276e-04 -1.49836236e-03 2.25438468e-01 -6.08557595e-03 -1.70003030e-01
9.00816625e-04 -2.94241493e-04 -1.56276117e-03 1.28721815e-01 6.08797399e-03 -1.60366598e-01
1.36664408e-03 -4.55649610e-04 -1.44191534e-03 2.05719926e-01 7.30785373e-03 -1.56996324e-01
7.99833157e-04 -2.05841085e-04 -1.51380738e-03 1.15299471e-01 1.49353756e-02 -1.51074674e-01
1.21382716e-03 -4.55649610e-04 -1.52719612e-03 1.77099618e-01 -2.86125681e-03 -1.64623765e-01
6.80647681e-04 -2.05841085e-04 -1.59395274e-03 9.63176105e-02 7.35275415e-03 -1.59963422e-01
1.04901378e-03 -3.27475238e-04 -1.49308383e-03 1.52221841e-01 9.94614401e-03 -1.54327089e-01
5.35410832e-04 -1.19132828e-04 -1.54814208e-03 7.67278468e-02 1.27960436e-02 -1.51213006e-01
8.76699102e-04 -3.27475238e-04 -1.55705346e-03 1.22336584e-01 -8.62092693e-04 -1.59301623e-01
3.91650561e-04 -1.19132828e-04 -1.61087061e-03 5.42884404e-02 4.14331477e-03 -1.58143963e-01
6.67275611e-04 -2.30214792e-04 -1.55313705e-03 9.19648282e-02 2.83374258e-03 -1.54244314e-01
2.83044480e-04 -1.83267656e-04 -1.57431395e-03 3.31785704e-02 -1.19897347e-02 -1.52492477e-01
4.56133100e-04 -2.30214792e-04 -1.63073186e-03 5.84340866e-02 -9.78014374e-03 -1.62073957e-01
1.22274392e-04 -1.83267656e-04 -1.58342757e-03 8.28946782e-03 -2.12206785e-02 -1.52932074e-01
3.65905288e-04 -4.10646716e-04 -1.64658572e-03 3.40475110e-02 -4.36898960e-02 -1.64832881e-01
2.90471149e-04 -7.73550533e-04 -1.49046244e-03 3.12778144e-04 -1.05305552e-01 -1.47948257e-01
1.42210532e-04 -4.10646716e-04 -1.72735826e-03 -1.18840889e-03 -5.72082477e-02 -1.75029506e-01
3.21530427e-03 -3.79484446e-04 -3.49556649e-04 8.04784450e-01 2.35027588e-01 -5.54030612e-02
4.26279128e-03 0.00000000e+00 -1.27752482e-03 1.67009609e+00 6.92819733e-01 -2.92881990e-01
3.19646808e-03 -3.79484446e-04 -1.06975364e-03 8.20271990e-01 2.28705205e-01 -1.76968436e-01
4.95684811e-03 -1.35491925e-03 -9.36103022e-04 1.89897020e+00 8.88311437e-02 -2.68463101e-01
3.52815911e-03 -9.37760512e-04 -6.77763956e-04 8.95289470e-01 7.81407319e-02 -1.24013419e-01
4.85831822e-03 -1.35491925e-03 -1.06149586e-03 1.81672294e+00 6.90904816e-02 -2.98572947e-01
3.45905636e-03 -9.37760512e-04 -9.19441750e-04 8.68269135e-01 6.70392660e-02 -1.67549437e-01
4.89138359e-03 -1.48798974e-03 -5.95533635e-04 1.79692278e+00 6.06548010e-03 -1.67181900e-01
3.57865066e-03 -1.03780727e-03 -5.56723073e-04 9.07228925e-01 4.80803572e-02 -1.03609269e-01
4.80299625e-03 -1.48798974e-03 -8.51408682e-04 1.73176860e+00 -1.07272436e-02 -2.35825687e-01
3.48739559e-03 -1.03780727e-03 -8.16705632e-04 8.67427357e-01 3.52780557e-02 -1.50185758e-01
4.79205153e-03 -1.49738564e-03 -4.84894510e-04 1.70282744e+00 -1.18204193e-02 -1.32193599e-01
3.55099936e-03 -1.05603837e-03 -5.07064266e-04 8.88615763e-01 3.87261796e-02 -9.35413736e-02
4.71135419e-03 -1.49738564e-03 -7.73360519e-04 1.64674026e+00 -2.66158214e-02 -2.08433203e-01
3.45145971e-03 -1.05603837e-03 -7.78787375e-04 8.44979007e-01 2.55054234e-02 -1.41585348e-01
4.69245075e-03 -1.48221233e-03 -4.53464952e-04 1.61854973e+00 -1.63907577e-02 -1.20069419e-01
3.49557551e-03 -1.05134455e-03 -4.96196609e-04 8.59048871e-01 3.46368390e-02 -8.99664934e-02
4.61423894e-03 -1.48221233e-03 -7.48171296e-04 1.56644875e+00 -3.02547309e-02 -1.95951327e-01
3.39208858e-03 -1.05134455e-03 -7.69791720e-04 8.14500203e-01 2.13757718e-02 -1.37402905e-01
4.59251286e-03 -1.45974593e-03 -4.51708426e-04 1.53895916e+00 -1.72196437e-02 -1.16144914e-01
3.42810203e-03 -1.03831690e-03 -5.02773305e-04 8.25304963e-01 3.22487688e-02 -8.92722984e-02
4.51408010e-03 -1.45974593e-03 -7.44601112e-04 1.48864059e+00 -3.06507907e-02 -1.89370438e-01
3.32205674e-03 -1.03831690e-03 -7.73466270e-04 7.80869634e-01 1.90649624e-02 -1.35132965e-01
4.49045677e-03 -1.43413931e-03 -4.62380296e-04 1.46139391e+00 -1.67815559e-02 -1.15363006e-01
3.35402464e-03 -1.02154563e-03 -5.17530506e-04 7.89851063e-01 3.04918902e-02 -8.98149296e-02
4.41050144e-03 -1.43413931e-03 -7.50479297e-04 1.41195083e+00 -2.99893765e-02 -1.85151888e-01
3.24587494e-03 -1.02154563e-03 -7.83048519e-04 7.45924549e-01 1.74290939e-02 -1.33674963e-01
4.38508542e-03 -1.40658201e-03 -4.78941039e-04 1.38469057e+00 -1.58607713e-02 -1.15818375e-01
3.27526891e-03 -1.00266642e-03 -5.36587484e-04 7.53623826e-01 2.89859243e-02 -9.08923579e-02
4.30292960e-03 -1.40658201e-03 -7.60905843e-04 1.33575979e+00 -2.89300348e-02 -1.81872029e-01
3.16514710e-03 -1.00266642e-03 -7.95747516e-04 7.10381706e-01 1.60653247e-02 -1.32563641e-01
4.27560115e-03 -1.37741397e-03 -4.98813009e-04 1.30836110e+00 -1.47422633e-02 -1.16748523e-01
3.19240507e-03 -9.82267811e-04 -5.58363374e-04 7.16982376e-01 2.75810750e-02 -9.22075686e-02
4.19082105e-03 -1.37741397e-03 -7.73889580e-04 1.25980561e+00 -2.77054785e-02 -1.78942055e-01
3.08032424e-03 -9.82267811e-04 -8.10443008e-04 6.74521171e-01 1.48166797e-02 -1.31603884e-01
4.16135886e-03 -1.34666999e-03 -5.21006546e-04 1.23220304e+00 -1.35383343e-02 -1.17835151e-01
3.10542115e-03 -9.60512362e-04 -5.82275782e-04 6.80057210e-01 2.62153910e-02 -9.36356324e-02
4.07362065e-03 -1.34666999e-03 -7.88653778e-04 1.18398142e+00 -2.64061768e-02 -1.76111728e-01
2.99134782e-03 -9.60512362e-04 -8.26733549e-04 6.38445763e-01 1.36191522e-02 -1.30714423e-01
4.04172689e-03 -1.31424483e-03 -5.45207700e-04 1.15613314e+00 -1.22946263e-02 -1.18939354e-01
3.01401541e-03 -9.37365382e-04 -6.08188399e-04 6.42884481e-01 2.48631176e-02 -9.51245762e-02
3.95071248e-03 -1.31424483e-03 -8.04946766e-04 1.10824616e+00 -2.50686222e-02 -1.73269793e-01
2.89789775e-03 -9.37365382e-04 -8.44536256e-04 6.02183645e-01 1.24468349e-02 -1.29861785e-01
3.91601022e-03 -1.27994722e-03 -5.71407303e-04 1.08011807e+00 -1.10292813e-02 -1.19995126e-01
2.91770350e-03 -9.12682792e-04 -6.36174547e-04 6.05458821e-01 2.35140749e-02 -9.66530284e-02
3.82138065e-03 -1.27994722e-03 -8.22752576e-04 1.03258704e+00 -2.37071249e-02 -1.70361280e-01
2.79948319e-03 -9.12682792e-04 -8.63916645e-04 5.65729246e-01 1.12901875e-02 -1.29032251e-01
3.78339801e-03 -1.24351347e-03 -5.99746140e-04 1.00414548e+00 -9.74860172e-03 -1.20964744e-01
2.81584578e-03 -8.86240567e-04 -6.66416369e-04 5.67753562e-01 2.21651203e-02 -9.82119362e-02
3.68477165e-03 -1.24351347e-03 -8.42167458e-04 9.57003945e-01 -2.23264443e-02 -1.67352368e-01
2.69546337e-03 -8.86240567e-04 -8.85016147e-04 5.29058793e-01 1.01470724e-02 -1.28219769e-01
3.64291436e-03 -1.20460112e-03 -6.30450561e-04 9.28211720e-01 -8.45344184e-03 -1.21819328e-01
2.70763386e-03 -8.57735677e-04 -6.99162476e-04 5.29727208e-01 2.08167883e-02 -9.97964069e-02
3.53984977e-03 -1.20460112e-03 -8.63346253e-04 8.81502867e-01 -2.09269810e-02 -1.64214879e-01
2.58503138e-03 -8.57735677e-04 -9.08020770e-04 4.92134732e-01 9.01919056e-03 -1.27420455e-01
3.49335984e-03 -1.16276855e-03 -6.63806118e-04 8.52316427e-01 -7.14155680e-03 -1.22529583e-01
2.59204855e-03 -8.26768220e-04 -7.34709256e-04 4.91323347e-01 1.94724814e-02 -1.01401514e-01
3.38533827e-03 -1.16276855e-03 -8.86476544e-04 8.06093141e-01 -1.95067271e-02 -1.60918586e-01
2.46716999e-03 -8.26768220e-04 -9.33144779e-04 4.54904407e-01 7.91109784e-03 -1.26629416e-01
3.33323248e-03 -1.11743846e-03 -7.00144467e-04 7.76459626e-01 -5.80774988e-03 -1.23060137e-01
2.46778634e-03 -7.92803374e-04 -7.73386740e-04 4.52466025e-01 1.81395812e-02 -1.03018884e-01
3.21963735e-03 -1.11743846e-03 -9.11758313e-04 7.30786007e-01 -1.80613948e-02 -1.57425850e-01
2.34057458e-03 -7.92803374e-04 -9.60612751e-04 4.17293972e-01 6.83101928e-03 -1.25837340e-01
3.16061458e-03 -1.06783696e-03 -7.39825714e-04 7.00639462e-01 -4.44189838e-03 -1.23363675e-01
2.33313673e-03 -7.55099991e-04 -8.15529546e-04 4.13049207e-01 1.68333890e-02 -1.04631133e-01
3.04070602e-03 -1.06783696e-03 -9.39368140e-04 6.55593387e-01 -1.65826179e-02 -1.53684829e-01
2.20352109e-03 -7.55099991e-04 -9.90617292e-04 3.79194962e-01 5.79413485e-03 -1.25023552e-01
2.97300401e-03 -1.01288978e-03 -7.83188160e-04 6.24849359e-01 -3.02341670e-03 -1.23370704e-01
2.18576691e-03 -7.12572651e-04 -8.61392983e-04 3.72914855e-01 1.55867168e-02 -1.06198720e-01
2.84588874e-03 -1.01288978e-03 -9.69368931e-04 5.80526218e-01 -1.50526349e-02 -1.49616163e-01
2.05362607e-03 -7.12572651e-04 -1.02319970e-03 3.40436057e-01 4.83066847e-03 -1.24138346e-01
2.76705942e-03 -9.51040752e-04 -8.30398873e-04 5.49074420e-01 -1.50924984e-03 -1.22967117e-01
2.02232037e-03 -6.63519428e-04 -9.10914993e-04 3.31808135e-01 1.44698860e-02 -1.07626735e-01
2.63166123e-03 -9.51040752e-04 -1.00147489e-03 5.05592947e-01 -1.34322995e-02 -1.45083447e-01
1.88738306e-03 -6.63519428e-04 -1.05792506e-03 3.00724942e-01 4.00242935e-03 -1.23058480e-01
2.53822329e-03 -8.79942934e-04 -8.81047389e-04 4.73290261e-01 1.86565925e-04 -1.21944560e-01
1.83765655e-03 -6.05111738e-04 -9.63096641e-04 2.89293226e-01 1.36231229e-02 -1.08686915e-01
2.39327259e-03 -8.79942934e-04 -1.03448178e-03 4.30802954e-01 -1.16402544e-02 -1.39831745e-01
1.69925313e-03 -6.05111738e-04 -1.09309225e-03 2.59538896e-01 3.42696223e-03 -1.21488561e-01
2.28021755e-03 -7.96007302e-04 -9.33178579e-04 3.97477872e-01 2.21038123e-03 -1.19905135e-01
1.62350774e-03 -5.32611365e-04 -1.01461102e-03 2.44627076e-01 1.32773581e-02 -1.08866886e-01
2.12429316e-03 -7.96007302e-04 -1.06508672e-03 3.56190003e-01 -9.53626998e-03 -1.33387026e-01
1.47997025e-03 -5.32611365e-04 -1.12421792e-03 2.15957600e-01 3.27644757e-03 -1.18802617e-01
1.98453107e-03 -6.94066065e-04 -9.81502361e-04 3.21685822e-01 4.71633526e-03 -1.16145237e-01
1.36664408e-03 -4.38927697e-04 -1.05754331e-03 1.96672288e-01 1.36321521e-02 -1.07208627e-01
1.81610807e-03 -6.94066065e-04 -1.08628595e-03 2.81874998e-01 -6.98799086e-03 -1.25006389e-01
1.21382716e-03 -4.38927697e-04 -1.14282409e-03 1.68512210e-01 3.59167572e-03 -1.14036973e-01
1.64016423e-03 -5.68588639e-04 -1.01625659e-03 2.46136568e-01 7.48576134e-03 -1.09804251e-01
1.04901378e-03 -3.18755474e-04 -1.07938749e-03 1.44171392e-01 1.40532698e-02 -1.02683895e-01
1.45687533e-03 -5.68588639e-04 -1.08928542e-03 2.08064786e-01 -4.33349101e-03 -1.14226839e-01
8.76699102e-04 -3.18755474e-04 -1.14335713e-03 1.15314017e-01 3.33236711e-03 -1.07101533e-01
1.23349786e-03 -4.23613046e-04 -1.03420315e-03 1.70961400e-01 8.17522317e-03 -1.01594875e-01
6.67275611e-04 -2.03375806e-04 -1.08357204e-03 8.71927306e-02 9.09699414e-03 -9.71943015e-02
1.02615298e-03 -4.23613046e-04 -1.09191968e-03 1.34098351e-01 -4.46277455e-03 -1.04360026e-01
4.56133100e-04 -2.03375806e-04 -1.16116685e-03 5.53684455e-02 -3.46851308e-03 -1.03591514e-01
7.55940041e-04 -3.37099421e-04 -1.10976652e-03 9.38822659e-02 -6.31298817e-03 -1.01728568e-01
3.65905288e-04 -3.85755962e-04 -1.17677160e-03 3.16946832e-02 -3.57668317e-02 -1.05615123e-01
4.83258207e-04 -3.37099421e-04 -1.28616315e-03 5.30638686e-02 -2.26702235e-02 -1.18736506e-01
1.42210532e-04 -3.85755962e-04 -1.25754415e-03 -1.27990362e-03 -4.90017747e-02 -1.13666985e-01
4.28359182e-04 -8.47814444e-04 -1.50407988e-03 1.87529681e-02 -1.10479610e-01 -1.52311658e-01
4.26279128e-03 0.00000000e+00 -1.27752482e-03 1.67009609e+00 6.92819733e-01 -2.92881990e-01
6.63174608e-03 -1.72649311e-03 -1.46346034e-03 3.97894877e+00 1.79000646e-01 -6.65340302e-01
4.95684811e-03 -1.32178992e-03 -4.21066526e-04 1.87835575e+00 1.15760031e-01 -1.18205581e-01
6.30622486e-03 -1.72649311e-03 -8.26678820e-04 3.41036583e+00 1.08755103e-01 -3.39781836e-01
4.85831822e-03 -1.32178992e-03 -5.46459364e-04 1.79147512e+00 9.67467401e-02 -1.49851778e-01
6.24362090e-03 -1.86830628e-03 -2.45870610e-04 3.25872969e+00 -1.93514189e-02 -9.93578695e-02
4.89138359e-03 -1.38975131e-03 -1.60651571e-04 1.79984840e+00 6.61174153e-02 -4.43433570e-02
6.12687290e-03 -1.86830628e-03 -4.36563035e-04 3.10522371e+00 -4.48601083e-02 -1.72004920e-01
4.80299625e-03 -1.38975131e-03 -4.16526619e-04 1.72586320e+00 5.03116899e-02 -1.12698249e-01
6.06268671e-03 -1.84280953e-03 -1.04388765e-04 3.01638756e+00 -3.41010518e-02 -4.02804240e-02
4.79205153e-03 -1.38181031e-03 -9.52239671e-05 1.71138005e+00 5.47797533e-02 -2.55509528e-02
5.98143917e-03 -1.84280953e-03 -3.60573629e-04 2.91624373e+00 -5.11672809e-02 -1.36750530e-01
4.71135419e-03 -1.38181031e-03 -3.83689975e-04 1.64642297e+00 4.09455521e-02 -1.01097810e-01
5.92500801e-03 -1.81092233e-03 -7.64287206e-05 2.84460037e+00 -3.50104884e-02 -2.84497099e-02
4.69245075e-03 -1.36278906e-03 -7.98542279e-05 1.62808681e+00 4.98740408e-02 -2.08128772e-02
5.85175277e-03 -1.81092233e-03 -3.39556898e-04 2.75811931e+00 -4.98237232e-02 -1.24428664e-01
4.61423894e-03 -1.36278906e-03 -3.74560573e-04 1.56744933e+00 3.69305916e-02 -9.59125464e-02
5.79711094e-03 -1.77850733e-03 -7.28736302e-05 2.69208944e+00 -3.36701170e-02 -2.62204333e-02
4.59251286e-03 -1.34074189e-03 -8.01718262e-05 1.54806211e+00 4.67117461e-02 -2.02866732e-02
5.72506201e-03 -1.77850733e-03 -3.33904737e-04 2.61034669e+00 -4.77013011e-02 -1.18281684e-01
4.51408010e-03 -1.34074189e-03 -3.73064513e-04 1.48948781e+00 3.41733956e-02 -9.27314551e-02
5.66982184e-03 -1.74545339e-03 -7.69960619e-05 2.54641399e+00 -3.17868407e-02 -2.67705923e-02
4.49045677e-03 -1.31718565e-03 -8.65664079e-05 1.46954130e+00 4.41370529e-02 -2.12465087e-02
5.59665436e-03 -1.74545339e-03 -3.33787478e-04 2.46666439e+00 -4.54977376e-02 -1.14208111e-01
4.41050144e-03 -1.31718565e-03 -3.74665409e-04 1.41208107e+00 3.18021001e-02 -9.02882395e-02
5.53974314e-03 -1.71140215e-03 -8.43112895e-05 2.40357081e+00 -2.97328246e-02 -2.82927674e-02
4.38508542e-03 -1.29243821e-03 -9.58356414e-05 1.39166269e+00 4.17853637e-02 -2.27857016e-02
5.46442068e-03 -1.71140215e-03 -3.36084564e-04 2.32482446e+00 -4.32933156e-02 -1.10912414e-01
4.30292960e-03 -1.29243821e-03 -3.77800445e-04 1.33494278e+00 2.95721802e-02 -8.81389051e-02
5.40523433e-03 -1.67608222e-03 -9.33393249e-05 2.26207603e+00 -2.76144076e-02 -3.01805686e-02
4.27560115e-03 -1.26652541e-03 -1.06799193e-04 1.31405295e+00 3.95233716e-02 -2.45607402e-02
5.32715917e-03 -1.67608222e-03 -3.39649736e-04 2.18395876e+00 -4.10916237e-02 -1.07912570e-01
4.19082105e-03 -1.26652541e-03 -3.81875764e-04 1.25794360e+00 2.74002721e-02 -8.61068064e-02
5.26525683e-03 -1.63927584e-03 -1.03551049e-04 2.12135574e+00 -2.54694174e-02 -3.21971099e-02
4.16135886e-03 -1.23937164e-03 -1.19032405e-04 1.23655622e+00 3.72983247e-02 -2.64317118e-02
5.18398120e-03 -1.63927584e-03 -3.44046240e-04 2.04373881e+00 -3.88900407e-02 -1.05011525e-01
4.07362065e-03 -1.23937164e-03 -3.86679637e-04 1.18103248e+00 2.52544179e-02 -8.41175399e-02
5.11895721e-03 -1.60077516e-03 -1.14786589e-04 1.98120271e+00 -2.33130966e-02 -3.42411752e-02
4.04172689e-03 -1.21084606e-03 -1.32431793e-04 1.15910888e+00 3.50888758e-02 -2.83396321e-02
5.03406390e-03 -1.60077516e-03 -3.49130483e-04 1.90406302e+00 -3.66872473e-02 -1.02123815e-01
3.95071248e-03 -1.21084606e-03 -3.92170858e-04 1.10419351e+00 2.31219414e-02 -8.21389050e-02
4.96548376e-03 -1.56035347e-03 -1.27053362e-04 1.84156693e+00 -2.11517137e-02 -3.62657935e-02
3.91601022e-03 -1.18077246e-03 -1.47046869e-04 1.08168629e+00 3.28867184e-02 -3.02588324e-02
4.87652721e-03 -1.56035347e-03 -3.54891951e-04 1.76493073e+00 -3.44828712e-02 -9.92091411e-02
3.82138065e-03 -1.18077246e-03 -3.98392143e-04 1.02742708e+00 2.09981118e-02 -8.01561620e-02
4.80388680e-03 -1.51774463e-03 -1.40446874e-04 1.70247058e+00 -1.89875840e-02 -3.82454150e-02
3.78339801e-03 -1.14892585e-03 -1.63012496e-04 1.00428079e+00 3.06892227e-02 -3.21770417e-02
4.71035678e-03 -1.51774463e-03 -3.61386734e-04 1.62639157e+00 -3.22768870e-02 -9.62445431e-02
3.68477165e-03 -1.14892585e-03 -4.05433814e-04 9.50742289e-01 1.88816620e-02 -7.81612437e-02
4.63304670e-03 -1.47262395e-03 -1.55119847e-04 1.56397481e+00 -1.68211395e-02 -4.01614892e-02
3.64291436e-03 -1.11502054e-03 -1.80523873e-04 9.26892875e-01 2.84965046e-02 -3.40866354e-02
4.53433840e-03 -1.47262395e-03 -3.68709716e-04 1.48852733e+00 -3.00693878e-02 -9.32120650e-02
3.53984977e-03 -1.11502054e-03 -4.13419565e-04 8.74154371e-01 1.67729882e-02 -7.61478225e-02
4.45160342e-03 -1.42458501e-03 -1.71272731e-04 1.42616931e+00 -1.46517501e-02 -4.19954805e-02
3.49335984e-03 -1.07868951e-03 -1.99830656e-04 8.49527881e-01 2.63104798e-02 -3.59803802e-02
4.34698550e-03 -1.42458501e-03 -3.76982936e-04 1.35144897e+00 -2.78605543e-02 -9.00926624e-02
3.38533827e-03 -1.07868951e-03 -4.22501083e-04 7.97684412e-01 1.46735619e-02 -7.41086186e-02
4.25787072e-03 -1.37310755e-03 -1.89153430e-04 1.28917323e+00 -1.24779217e-02 -4.37245124e-02
3.33323248e-03 -1.03945125e-03 -2.21238374e-04 7.72195086e-01 2.41350512e-02 -3.78485149e-02
4.14644612e-03 -1.37310755e-03 -3.86348184e-04 1.21530229e+00 -2.56506631e-02 -8.68620818e-02
3.21963735e-03 -1.03945125e-03 -4.32852219e-04 7.21360176e-01 1.25860890e-02 -7.20328844e-02
4.04972070e-03 -1.31750968e-03 -2.09057423e-04 1.15314399e+00 -1.02971061e-02 -4.53168542e-02
3.16061458e-03 -9.96656241e-04 -2.45106013e-04 6.94907988e-01 2.19774306e-02 -3.96749053e-02
3.93037701e-03 -1.31750968e-03 -3.96952345e-04 1.08028209e+00 -2.34399698e-02 -8.34859984e-02
3.04070602e-03 -9.96656241e-04 -4.44648439e-04 6.45217771e-01 1.05155718e-02 -6.99019122e-02
3.82442412e-03 -1.25687487e-03 -2.31313481e-04 1.01829608e+00 -8.10521154e-03 -4.67243627e-02
2.97300401e-03 -9.49397368e-04 -2.71816471e-04 6.17685430e-01 1.98513458e-02 -4.14289961e-02
3.69577495e-03 -1.25687487e-03 -4.08903173e-04 9.46660145e-01 -2.12281584e-02 -7.99112824e-02
2.84588874e-03 -9.49397368e-04 -4.57997243e-04 5.69304458e-01 8.47212415e-03 -6.76786033e-02
3.57843612e-03 -1.18993979e-03 -2.56217332e-04 8.84939566e-01 -5.89609162e-03 -4.78669342e-02
2.76705942e-03 -8.96355168e-04 -3.01658383e-04 5.40554886e-01 1.77837031e-02 -4.30468095e-02
3.43877120e-03 -1.18993979e-03 -4.22141354e-04 8.14842615e-01 -1.90128101e-02 -7.60481394e-02
2.63166123e-03 -8.96355168e-04 -4.72734403e-04 4.93684692e-01 6.47726216e-03 -6.52830620e-02
3.30714721e-03 -1.11493018e-03 -2.83816679e-04 7.53561986e-01 -3.66243275e-03 -4.85999906e-02
2.53822329e-03 -8.35530802e-04 -3.34466060e-04 4.63564005e-01 1.58264365e-02 -4.43876514e-02
3.15445686e-03 -1.11493018e-03 -4.36103913e-04 6.85490094e-01 -1.67864402e-02 -7.17352493e-02
2.39327259e-03 -8.35530802e-04 -4.87900455e-04 4.18456253e-01 4.57551006e-03 -6.25410030e-02
3.00472946e-03 -1.02935780e-03 -3.13328701e-04 6.25002113e-01 -1.40324497e-03 -4.86530817e-02
2.28021755e-03 -7.63811683e-04 -3.68692292e-04 3.86818753e-01 1.40718855e-02 -4.51470358e-02
2.83699295e-03 -1.02935780e-03 -4.48940192e-04 5.59757782e-01 -1.45337116e-02 -6.66836897e-02
2.12429316e-03 -7.63811683e-04 -5.00600431e-04 3.43791922e-01 2.84824497e-03 -5.90963835e-02
2.66453652e-03 -9.29911602e-04 -3.41805611e-04 5.00788799e-01 8.47474061e-04 -4.75407473e-02
1.98453107e-03 -6.76370122e-04 -3.99434295e-04 3.10583105e-01 1.26565757e-02 -4.47224698e-02
2.48071444e-03 -9.29911602e-04 -4.56016870e-04 4.39712477e-01 -1.22382657e-02 -6.04279569e-02
1.81610807e-03 -6.76370122e-04 -5.04217883e-04 2.70015611e-01 1.40390538e-03 -5.43390211e-02
2.28127173e-03 -8.12967287e-04 -3.61817561e-04 3.83674836e-01 2.93994888e-03 -4.45203384e-02
1.64016423e-03 -5.66125741e-04 -4.15598104e-04 2.35441440e-01 1.17005748e-02 -4.21459918e-02
2.08366517e-03 -8.12967287e-04 -4.48300957e-04 3.28832025e-01 -9.93025735e-03 -5.24289697e-02
1.45687533e-03 -5.66125741e-04 -4.88626942e-04 1.97587695e-01 2.40200553e-04 -4.76664617e-02
1.85687163e-03 -6.77117480e-04 -3.60458631e-04 2.78026429e-01 4.42595767e-03 -3.89195246e-02
1.23349786e-03 -4.24759306e-04 -4.02086303e-04 1.62276917e-01 1.09467810e-02 -3.66938109e-02
1.65377292e-03 -6.77117480e-04 -4.16774560e-04 2.31768035e-01 -7.90404953e-03 -4.28545363e-02
1.02615298e-03 -4.24759306e-04 -4.59802833e-04 1.26290226e-01 -1.44395077e-03 -4.04797294e-02
1.40510105e-03 -5.28850188e-04 -3.37441645e-04 1.88112088e-01 4.12105021e-03 -3.21033112e-02
7.55940041e-04 -2.63839071e-04 -3.87626314e-04 9.18285973e-02 7.17665038e-03 -3.21768918e-02
1.19481661e-03 -5.28850188e-04 -4.01653448e-04 1.49208193e-01 -8.15721261e-03 -3.66697077e-02
4.83258207e-04 -2.63839071e-04 -5.64022944e-04 5.22029463e-02 -8.83646116e-03 -4.60818522e-02
8.84697077e-04 -3.91642668e-04 -4.49898314e-04 1.04938362e-01 -4.41922598e-03 -3.85475693e-02
4.28359182e-04 -5.53551501e-04 -7.86848504e-04 2.93711222e-02 -5.45372351e-02 -6.72394817e-02
4.21744210e-04 -3.91642668e-04 -9.26215053e-04 3.80363948e-02 -3.19719795e-02 -7.97195183e-02
