1.0 
1000 2 2 2
-3.16169193e-02 9.40648987e-02 -6.27580208e+01 1.86687727e+02
-3.44525536e-02 5.77633468e-02 -5.00200030e+01 8.38854623e+01
-6.13766850e-02 1.25623487e-01 -1.81343405e+02 3.71176176e+02
-7.03458286e-02 -1.03797022e-02 -1.05903268e+02 -1.56389627e+01
3.26944813e-02 1.28921333e-01 9.05281147e+01 3.56969739e+02
4.41045342e-02 5.66330570e-02 6.68184470e+01 8.58247609e+01
6.11012988e-03 1.16925134e-01 1.44954059e+01 2.77208868e+02
-7.55483591e-02 3.95787052e-02 -1.30505129e+02 6.83736716e+01
-4.97114526e-02 -2.39942856e-02 -6.48651765e+01 -3.13136867e+01
-2.11797577e-02 -3.93274910e-02 -2.54167874e+01 -4.71719003e+01
-7.49722483e-03 8.99516720e-02 -1.36075159e+01 1.63231026e+02
7.21602208e-03 3.28358539e-02 8.03213136e+00 3.65408032e+01
2.93125033e-03 5.29778224e-02 3.75766979e+00 6.78985330e+01
3.64762681e-02 -2.25050592e-02 4.31799451e+01 -2.66427516e+01
-3.43252428e-02 -1.69291606e-02 -3.93553578e+01 -1.94031096e+01
1.51136944e-02 9.51995971e-02 2.91592688e+01 1.83662079e+02
1.51319408e-02 1.97796684e-02 1.60755695e+01 2.10034441e+01
-3.00672334e-02 1.42968009e-01 -9.42310901e+01 4.48132558e+02
-7.39355638e-02 1.39897852e-01 -2.59032660e+02 4.90158400e+02
-3.28608476e-02 -2.59460395e-03 -3.64297994e+01 -2.86776344e+00
-8.95981542e-02 7.34289827e-02 -2.09832538e+02 1.71947847e+02
3.40318939e-02 2.14539520e-02 3.95420590e+01 2.49337695e+01
-8.77850260e-02 1.35887447e-01 -3.17534787e+02 4.91524751e+02
4.05633648e-02 8.93636323e-02 7.96329197e+01 1.75433129e+02
9.61346621e-03 -2.51458076e-02 1.03114015e+01 -2.69569058e+01
-1.26049230e-02 1.18406178e-01 -3.04810791e+01 2.86286813e+02
-7.99370200e-03 1.43919150e-01 -2.46053521e+01 4.42934947e+02
2.20885742e-02 -3.40514523e-03 2.31874274e+01 -3.56298720e+00
3.08958596e-02 9.94243285e-02 6.43752538e+01 2.07199521e+02
-8.16115235e-02 -2.57313089e-02 -1.41364491e+02 -4.45827023e+01
-1.16396225e-02 -4.74888040e-02 -1.44360002e+01 -5.88386455e+01
-5.46743958e-02 9.87651708e-02 -1.24347112e+02 2.24616886e+02
4.58027985e-02 1.19365760e-01 1.20672037e+02 3.14465842e+02
-3.20619943e-03 1.15796180e-01 -7.50885583e+00 2.71175727e+02
-5.11387537e-03 6.37702874e-02 -7.22546275e+00 8.98825604e+01
-1.28672493e-02 9.90668862e-02 -2.57205176e+01 1.97942430e+02
-8.07131232e-02 2.40168396e-02 -1.37962464e+02 4.10536870e+01
1.53857775e-02 -3.66927037e-02 1.78293921e+01 -4.25076753e+01
-6.29192004e-02 7.78921762e-02 -1.25994078e+02 1.55987469e+02
-5.31384521e-02 -3.68077819e-02 -7.53337075e+01 -5.21804385e+01
3.70942194e-02 1.36394414e-01 1.11211603e+02 4.08903881e+02
4.30246567e-02 6.13306376e-02 6.71748636e+01 9.57597018e+01
-3.53989200e-02 4.71981334e-02 -4.77100014e+01 6.36484809e+01
3.96653997e-02 1.33746687e-01 1.16864711e+02 3.94037072e+02
-6.56462067e-02 -2.47340961e-02 -9.79518435e+01 -3.69174596e+01
-8.69865273e-02 1.39594042e-01 -3.22317677e+02 5.17229964e+02
-7.16604417e-02 1.11898138e-01 -1.98182120e+02 3.09468358e+02
-8.51801481e-03 1.25766397e-01 -2.20310146e+01 3.25587008e+02
2.18045028e-02 7.14377035e-03 2.29777272e+01 7.51738193e+00
-8.78253414e-02 6.86962816e-02 -1.97000617e+02 1.54099853e+02
-4.58657276e-02 1.28577742e-01 -1.31353367e+02 3.68197079e+02
2.03100927e-02 7.24062354e-02 3.17946763e+01 1.13346967e+02
5.06963712e-03 1.33720356e-01 1.41505592e+01 3.73170455e+02
-5.33974586e-03 1.15769162e-01 -1.24925182e+01 2.71269968e+02
-5.00193206e-02 6.73666681e-02 -8.52279015e+01 1.14798355e+02
1.57115064e-02 8.96114497e-02 2.87120110e+01 1.63791654e+02
3.91043071e-03 4.01747873e-02 4.53423963e+00 4.67028786e+01
-3.37928583e-02 1.34767892e-02 -3.82768084e+01 1.52801124e+01
4.63322909e-02 8.55601783e-02 9.01928495e+01 1.66548500e+02
-4.19315264e-02 1.09527761e-01 -9.96189623e+01 2.60187390e+02
-5.46686618e-02 1.20979589e-01 -1.51006591e+02 3.34204058e+02
-9.85160759e-03 9.66285051e-02 -1.91301465e+01 1.87790111e+02
-1.03598813e-02 4.31419757e-02 -1.24047409e+01 5.16327321e+01
-3.70906149e-02 -3.40747845e-02 -4.64973526e+01 -4.27168733e+01
6.37785533e-03 6.38988825e-02 9.00671510e+00 9.02368162e+01
-4.16759128e-02 -4.99200844e-03 -4.90351249e+01 -5.86325111e+00
3.82827775e-02 1.31927105e-01 1.10518668e+02 3.80874823e+02
-6.29852175e-02 4.99168341e-02 -1.03674899e+02 8.21640056e+01
-5.52753018e-02 1.20334375e-01 -1.52186422e+02 3.31336318e+02
-5.72867405e-02 -2.96065481e-02 -8.11363217e+01 -4.18985180e+01
-6.86259698e-02 7.43612463e-02 -1.38872403e+02 1.50506466e+02
-6.97636244e-02 1.00305563e-01 -1.73906882e+02 2.50028150e+02
1.99414440e-02 -4.55339144e-02 2.48769221e+01 -5.67890824e+01
2.82593451e-02 5.76881185e-02 3.99234384e+01 8.14958007e+01
-7.61759237e-02 8.02608665e-02 -1.69441768e+02 1.78552344e+02
2.19461366e-02 -4.30857560e-02 2.70847650e+01 -5.31504226e+01
-5.36422249e-02 1.41385976e-03 -6.91028442e+01 1.83330142e+00
2.15224149e-02 3.92292464e-02 2.58237021e+01 4.70791475e+01
3.61831811e-02 5.83118758e-02 5.32242485e+01 8.57759501e+01
4.91478234e-02 5.92141608e-02 7.82411416e+01 9.42805622e+01
-4.02012761e-02 -4.47562865e-02 -5.47462710e+01 -6.09615919e+01
-8.57440434e-02 2.33086194e-02 -1.53437646e+02 4.17193977e+01
6.73189989e-03 -1.22726398e-02 6.88445999e+00 -1.25278168e+01
4.85652391e-02 -9.21875495e-03 6.04241832e+01 -1.14802261e+01
1.50241379e-02 4.13950655e-02 1.79378666e+01 4.94157649e+01
-6.03255769e-02 1.09720849e-01 -1.54891817e+02 2.81742492e+02
-3.66577426e-02 9.99716621e-02 -7.81904347e+01 2.13329011e+02
4.43208049e-02 1.10792178e-01 1.07436811e+02 2.68551314e+02
-5.89994172e-02 3.41440394e-03 -7.96068508e+01 4.59894233e+00
-7.47373730e-02 7.67573521e-02 -1.60509981e+02 1.64864136e+02
1.72695934e-02 1.84908240e-02 1.83727260e+01 1.96860659e+01
2.53613819e-02 7.52992317e-02 4.13624933e+01 1.22835879e+02
-8.61103312e-02 1.00972296e-01 -2.37739501e+02 2.78782305e+02
-2.66633243e-02 4.00173494e-02 -3.28538054e+01 4.92495040e+01
2.24428679e-02 3.04785040e-02 2.56536592e+01 3.48481553e+01
-3.40810063e-03 -4.79271477e-02 -4.19600374e+00 -5.89916512e+01
4.31671300e-02 1.31080407e-01 1.25379294e+02 3.80727515e+02
-6.37315658e-02 7.44991805e-02 -1.24979228e+02 1.46115804e+02
3.73010486e-02 3.01747465e-02 4.58803022e+01 3.71152495e+01
-7.32760130e-02 1.12522118e-01 -2.05401556e+02 3.15399534e+02
2.46724850e-02 1.21174504e-02 2.65172162e+01 1.30365264e+01
3.75081964e-02 2.33113288e-02 4.48285063e+01 2.78298719e+01
4.14441068e-02 -4.38101987e-02 5.65229574e+01 -5.97404953e+01
-8.61797887e-02 5.44102495e-02 -1.75689919e+02 1.10924392e+02
-1.18076829e-02 8.80455736e-02 -2.11042719e+01 1.57518393e+02
-4.93864408e-02 -4.81302844e-02 -7.28899432e+01 -7.10117089e+01
-1.75825362e-02 1.33281171e-01 -4.93748700e+01 3.74155965e+02
-3.80188734e-02 1.36372223e-01 -1.14220569e+02 4.09698834e+02
-4.59872737e-02 -1.50468247e-02 -5.67682467e+01 -1.85519623e+01
2.42892117e-02 -1.29739203e-02 2.61208156e+01 -1.39497724e+01
-9.60932756e-03 1.97975194e-02 -1.00750427e+01 2.07773817e+01
-1.73377622e-02 -1.50559700e-02 -1.82482758e+01 -1.58375125e+01
4.66384696e-02 1.30312517e-01 1.35977220e+02 3.79946540e+02
-7.68992066e-02 -3.69256570e-02 -1.32880123e+02 -6.38047302e+01
4.65490048e-02 -1.64033414e-02 5.78922974e+01 -2.03879558e+01
3.62258783e-03 4.53764667e-02 4.39084373e+00 5.47785305e+01
-2.43920320e-02 4.14809832e-02 -3.00481349e+01 5.10976573e+01
4.78136830e-02 -5.95315477e-03 5.89171546e+01 -7.35617471e+00
1.56848040e-02 4.27715568e-02 1.89363102e+01 5.16409479e+01
-1.93673162e-02 8.47698016e-02 -3.40157593e+01 1.48867854e+02
-8.67918816e-02 5.38164644e-02 -1.77295420e+02 1.09953041e+02
-2.71054545e-02 1.32957737e-01 -7.70018103e+01 3.77765217e+02
2.62559398e-02 7.98308394e-02 4.48068585e+01 1.36227968e+02
-5.16232315e-02 6.21059981e-02 -8.53040882e+01 1.02625733e+02
2.98159714e-02 -1.09925028e-02 3.28183550e+01 -1.20925469e+01
1.83319002e-02 3.55474659e-02 2.12590969e+01 4.12451074e+01
-6.00829467e-02 1.03456902e-01 -1.46070427e+02 2.51528759e+02
1.42262414e-02 -5.72065982e-03 1.45544639e+01 -5.86109777e+00
-7.00474327e-02 2.54165198e-02 -1.08931817e+02 3.95354893e+01
-7.87258662e-02 -3.65953790e-03 -1.27619214e+02 -5.91487998e+00
-4.73674817e-02 1.16970810e-01 -1.22796442e+02 3.03255562e+02
8.84725261e-03 4.56062616e-02 1.07524817e+01 5.54442358e+01
-2.96345543e-02 3.08403812e-02 -3.50511985e+01 3.64751736e+01
-6.35756906e-02 7.87791289e-02 -1.28735856e+02 1.59518880e+02
-5.86640526e-03 9.97856750e-02 -1.17159019e+01 1.99504533e+02
-4.86324800e-02 9.63212942e-02 -1.05255891e+02 2.08473611e+02
1.95054544e-02 -3.87717921e-02 2.31755768e+01 -4.60707717e+01
-3.46864384e-02 1.00162092e-02 -3.92024347e+01 1.12994246e+01
-2.08237228e-02 -2.35677716e-02 -2.29005230e+01 -2.58982116e+01
-4.00113748e-02 -2.83869343e-02 -4.96436148e+01 -3.52170047e+01
4.79992353e-02 -1.45677671e-02 6.00709079e+01 -1.82323338e+01
2.01962806e-02 -1.20788104e-02 2.13316632e+01 -1.27457511e+01
-6.90095921e-02 6.02174348e-02 -1.26891101e+02 1.10723028e+02
1.12081271e-02 -1.46901931e-02 1.15926097e+01 -1.51806797e+01
-3.35491339e-02 1.01749386e-01 -7.20571630e+01 2.18559840e+02
8.97387433e-03 1.06105911e-01 1.91624079e+01 2.26413304e+02
1.50874047e-02 7.26422423e-02 2.34085137e+01 1.12620285e+02
-8.95641999e-02 1.04979329e-01 -2.60118498e+02 3.04889052e+02
-7.30925942e-02 -5.94320244e-03 -1.12393848e+02 -9.14290106e+00
-1.39566998e-02 7.34232992e-03 -1.43080468e+01 7.51761783e+00
-4.05804744e-03 1.48277060e-02 -4.17622183e+00 1.51611338e+01
2.59389505e-02 3.52696308e-02 3.09239634e+01 4.20184793e+01
-5.89925122e-02 4.34491648e-02 -9.06492646e+01 6.67576780e+01
3.28304665e-02 3.95378000e-02 4.14990218e+01 4.99947397e+01
1.87210644e-03 -2.36318050e-02 1.98584546e+00 -2.49612315e+01
-5.23293986e-03 1.03354917e-01 -1.08535955e+01 2.14083720e+02
2.80059776e-02 -3.64386131e-02 3.39276271e+01 -4.41337658e+01
-1.74995933e-02 -1.11068381e-02 -1.82559710e+01 -1.15775417e+01
8.10164511e-03 5.80521881e-02 1.08865443e+01 7.80022739e+01
2.73169147e-02 -4.84134248e-02 3.57617667e+01 -6.33750139e+01
-8.87485257e-02 1.14546001e-01 -2.75096413e+02 3.55070248e+02
-5.41956729e-02 1.10537904e-01 -1.36344681e+02 2.78066257e+02
3.98988590e-02 1.29193993e-01 1.12857585e+02 3.65399185e+02
-3.13990764e-02 8.66929800e-02 -5.80918196e+01 1.60370502e+02
-6.34627616e-02 1.42997785e-01 -2.18799466e+02 4.92994478e+02
-6.97958440e-02 -4.71815412e-02 -1.19328737e+02 -8.06518054e+01
2.12409692e-02 5.14159847e-02 2.78212034e+01 6.73379758e+01
1.88987868e-02 3.12965738e-02 2.14141439e+01 3.54847496e+01
-4.49452051e-02 -1.54790760e-02 -5.51159670e+01 -1.89820049e+01
-3.30309208e-02 1.45044468e-01 -1.06138324e+02 4.66027204e+02
3.00478299e-02 7.39173479e-02 4.91860729e+01 1.20971261e+02
-2.93886088e-02 2.15022335e-02 -3.32733936e+01 2.43429724e+01
-5.23889827e-02 1.11655603e-01 -1.32076967e+02 2.81483167e+02
-2.16909911e-02 1.21071283e-01 -5.44979010e+01 3.04238953e+02
-2.75435893e-02 1.34373661e-01 -7.93592266e+01 3.87181670e+02
5.54351937e-03 -4.35885333e-03 5.57069562e+00 -4.38281754e+00
4.13874649e-02 1.86056220e-02 4.99035888e+01 2.24417927e+01
-4.21266029e-02 -2.10804558e-02 -5.14647995e+01 -2.57475730e+01
6.38962451e-03 6.79206897e-04 6.40561457e+00 6.89341481e-01
-3.05491238e-02 2.43844243e-02 -3.52216587e+01 2.81083316e+01
-1.56947224e-03 9.14633205e-02 -2.86705228e+00 1.68011914e+02
-6.62083000e-02 -2.01106402e-02 -9.78979910e+01 -2.97391645e+01
-6.42465182e-02 4.25678237e-02 -1.02407668e+02 6.78236461e+01
-6.73884921e-02 1.84881282e-02 -1.00287500e+02 2.75111310e+01
2.20465144e-02 3.53278317e-02 2.58591197e+01 4.14572134e+01
-1.86541388e-02 9.38941716e-03 -1.94636141e+01 9.80752408e+00
-1.31363823e-03 -2.50497400e-02 -1.39311279e+00 -2.66260998e+01
4.27618844e-02 7.90171281e-02 7.72844762e+01 1.42792048e+02
-1.08073042e-02 4.37331675e-02 -1.29813274e+01 5.25944061e+01
2.89957844e-02 1.00224208e-01 6.05670863e+01 2.09326151e+02
-8.09364023e-02 1.48269302e-01 -3.11893544e+02 5.71346325e+02
-2.68614246e-03 -4.04014872e-02 -3.12921803e+00 -4.70266097e+01
8.49270635e-03 8.36912335e-02 1.44906304e+01 1.42909469e+02
1.45806761e-02 1.80758582e-02 1.53664660e+01 1.90652383e+01
-1.64062778e-02 -4.43018301e-02 -2.00813475e+01 -5.41761674e+01
-5.79112962e-02 3.67766752e-02 -8.51716786e+01 5.40616198e+01
4.71276696e-02 2.28756141e-02 6.00638484e+01 2.91683750e+01
3.44783525e-02 2.09905702e-02 4.00992426e+01 2.44087583e+01
-8.39052031e-02 1.40150686e-01 -3.07804332e+02 5.14114393e+02
4.93073251e-02 -3.83274708e-02 6.85331645e+01 -5.32757994e+01
-1.00353965e-02 -1.39062982e-02 -1.03294515e+01 -1.43149803e+01
3.24863572e-02 4.03672499e-02 4.12182108e+01 5.12126242e+01
-2.07219682e-02 5.57066980e-02 -2.80460808e+01 7.53756997e+01
-7.00890246e-02 9.53787507e-02 -1.68307770e+02 2.28988217e+02
3.40397160e-02 5.55237545e-02 4.84623970e+01 7.90685278e+01
-7.99183151e-02 3.36272267e-02 -1.39993415e+02 5.89072994e+01
-7.46863920e-02 8.46082108e-02 -1.69796145e+02 1.92370356e+02
-6.98950203e-02 -3.33594727e-02 -1.11806294e+02 -5.33734358e+01
-6.31653966e-02 1.03555438e-01 -1.56113919e+02 2.55915685e+02
-8.76598175e-02 2.97318120e-02 -1.62753323e+02 5.51952082e+01
-8.00714239e-02 -1.94792026e-02 -1.34457809e+02 -3.26902784e+01
-4.50563160e-02 6.15823988e-02 -7.12852187e+01 9.74408989e+01
-8.44379811e-02 -3.59333117e-02 -1.55564443e+02 -6.61963612e+01
4.12152887e-02 4.79129922e-02 5.76876825e+01 6.70520990e+01
-2.74710936e-02 1.25406878e-01 -7.27562778e+01 3.32087459e+02
-4.40294054e-02 5.95128541e-02 -6.81523633e+01 9.21170245e+01
-7.00089404e-02 -3.11799451e-02 -1.11131869e+02 -4.94882472e+01
-3.59594385e-02 6.43084185e-02 -5.54886349e+01 9.92197239e+01
3.23776310e-02 1.40227124e-01 9.94320809e+01 4.30673558e+02
-1.61014485e-02 1.78833448e-02 -1.70295770e+01 1.89194076e+01
-4.63615915e-02 8.37593212e-02 -8.88410016e+01 1.60517886e+02
-4.43866047e-02 1.27965468e-01 -1.25807160e+02 3.62730170e+02
-2.42729360e-02 -7.84709951e-03 -2.58534274e+01 -8.36013014e+00
-8.48042270e-02 8.87710823e-02 -2.12629240e+02 2.22585922e+02
1.74904569e-02 5.72016989e-02 2.37427642e+01 7.76575654e+01
-8.26761875e-02 7.10233561e-02 -1.80868861e+02 1.55399207e+02
-2.94702167e-02 1.19540094e-01 -7.41453975e+01 3.00742575e+02
3.22295408e-02 8.12403095e-02 5.68475991e+01 1.43290790e+02
3.09360804e-02 -3.36752035e-02 3.73943229e+01 -4.07176587e+01
1.82039843e-02 1.18284431e-01 4.42766297e+01 2.87692392e+02
-5.64824538e-02 1.40494756e-01 -1.85989854e+02 4.62641521e+02
4.62882356e-02 1.89722687e-02 5.78705825e+01 2.37293246e+01
-5.69859508e-02 1.38165593e-01 -1.84280590e+02 4.46789723e+02
3.18594800e-02 9.02760589e-02 6.10729936e+01 1.73018955e+02
-5.45185341e-02 7.00977911e-02 -9.75056271e+01 1.25399642e+02
-5.52392979e-02 9.01571505e-03 -7.25460558e+01 1.18502474e+01
-8.09797642e-02 1.29397014e-01 -2.69667971e+02 4.30904229e+02
3.34478872e-02 4.73501490e-02 4.46957719e+01 6.32878652e+01
-2.52501881e-03 1.21008344e-01 -6.21787138e+00 2.98274759e+02
-1.05233538e-02 -2.69793918e-02 -1.14009667e+01 -2.92559135e+01
-5.64775268e-02 -2.37168679e-02 -7.76663729e+01 -3.26185178e+01
-5.69428846e-03 1.42713417e-01 -1.72997742e+01 4.33825176e+02
-6.14205954e-03 7.31408574e-02 -9.45047421e+00 1.12550607e+02
-6.30421571e-02 1.00585183e-01 -1.51877580e+02 2.42334513e+02
2.97266397e-02 7.09344105e-02 4.73119783e+01 1.12895502e+02
-4.50619076e-02 -2.54090457e-02 -5.71259504e+01 -3.21919473e+01
-7.22570007e-02 6.79647296e-02 -1.43355917e+02 1.34841997e+02
-1.90032807e-02 4.09384455e-02 -2.28899299e+01 4.92837231e+01
-4.72596381e-02 2.43309153e-02 -6.06077487e+01 3.11905928e+01
7.41845875e-03 -3.56105560e-02 8.40615090e+00 -4.03149008e+01
-7.87914632e-02 4.63392566e-02 -1.44605813e+02 8.50515983e+01
-2.71767838e-02 9.08626797e-02 -5.16096121e+01 1.72600763e+02
-3.39589604e-03 -1.98038533e-02 -3.52544284e+00 -2.05963740e+01
3.65744180e-02 -3.24626148e-03 4.15015302e+01 -3.69564911e+00
-4.51209484e-02 1.13095386e-01 -1.12005573e+02 2.80781903e+02
-3.01268860e-02 -3.01118874e-02 -3.55958366e+01 -3.55839617e+01
-6.28613125e-02 1.14149300e-01 -1.69593608e+02 3.08001766e+02
-2.12446054e-02 -3.23652638e-02 -2.44311070e+01 -3.72319555e+01
-6.21971896e-02 -4.49047528e-02 -9.87904704e+01 -7.13213750e+01
-4.37451555e-02 1.18698825e-01 -1.13740056e+02 3.08651048e+02
1.98915945e-03 6.62071315e-02 2.86327263e+00 9.52402663e+01
3.52205386e-02 1.09987952e-02 4.00278722e+01 1.24848990e+01
3.58909329e-02 -3.48606236e-02 4.48740431e+01 -4.35853760e+01
2.89676474e-02 8.34237577e-02 5.15490114e+01 1.48478775e+02
-1.04806539e-03 1.19557609e-01 -2.54180367e+00 2.90477901e+02
4.38822114e-02 6.79846254e-02 7.26111971e+01 1.12484502e+02
-4.28555602e-02 1.48389002e-01 -1.45104287e+02 5.02384993e+02
-7.95596300e-02 2.40611388e-02 -1.34521598e+02 4.06752903e+01
-3.20512216e-02 1.48183127e-01 -1.05731020e+02 4.88766763e+02
-1.14671743e-02 1.06072705e-01 -2.45468023e+01 2.26810096e+02
-5.33200413e-02 1.32161228e-01 -1.61605200e+02 4.00565886e+02
-4.02706855e-02 1.44842526e-01 -1.31288636e+02 4.72200143e+02
3.45219466e-02 6.66812629e-02 5.39806561e+01 1.04273124e+02
-6.15192646e-02 1.29264511e-01 -1.87592582e+02 3.94185528e+02
-2.41303253e-02 1.15427200e-01 -5.77080319e+01 2.75936236e+02
-5.14155656e-02 1.34948163e-01 -1.58642034e+02 4.16352388e+02
-5.43786657e-02 1.26993304e-01 -1.58171863e+02 3.69342909e+02
1.04632947e-02 -1.18260114e-02 1.07297977e+01 -1.21057278e+01
-5.59951795e-02 7.46494290e-02 -1.04769859e+02 1.39665440e+02
-8.05514920e-02 1.26107720e-01 -2.60904308e+02 4.08481962e+02
-5.44555931e-02 6.82774365e-02 -9.60095108e+01 1.20342399e+02
-7.22601263e-02 -1.14666736e-03 -1.10002740e+02 -1.75046360e+00
1.38386720e-02 7.30031450e-02 2.14793206e+01 1.13328248e+02
-5.76728169e-02 -1.50206982e-02 -7.81530276e+01 -2.03592605e+01
4.75625705e-02 1.32747925e-01 1.42148754e+02 3.96700272e+02
-1.34963573e-02 1.13288480e-01 -3.10381435e+01 2.60745009e+02
2.02168827e-02 -2.99530714e-02 2.28352129e+01 -3.38586468e+01
-5.39704189e-03 1.41760503e-01 -1.62741235e+01 4.27040436e+02
2.06891791e-02 7.90156798e-02 3.45079505e+01 1.31722193e+02
-3.34397747e-02 -2.27773692e-02 -3.89337137e+01 -2.65119755e+01
-5.94843498e-02 1.35154960e-01 -1.89182951e+02 4.29880092e+02
1.45320461e-02 5.83942124e-02 1.97983023e+01 7.95410463e+01
3.07663372e-02 -1.65116285e-02 3.45148248e+01 -1.85261376e+01
4.70141927e-02 -2.72318027e-03 5.74341465e+01 -3.32452326e+00
-6.04920681e-02 5.05648767e-02 -9.80969318e+01 8.19879381e+01
-1.46817192e-02 1.78408370e-02 -1.54499134e+01 1.88169644e+01
-3.53145302e-02 8.92540166e-02 -6.78394512e+01 1.71498471e+02
-1.13912238e-02 2.16159828e-02 -1.20650202e+01 2.29081082e+01
-6.43560651e-03 1.45918035e-01 -2.01486818e+01 4.57208110e+02
-8.47354570e-02 1.02945328e-01 -2.35378781e+02 2.85959940e+02
-5.11919853e-02 5.69664465e-02 -8.12062767e+01 9.03840604e+01
9.41627683e-04 1.36289403e-01 2.68890148e+00 3.89452794e+02
3.86932506e-02 1.03001030e-01 8.55483218e+01 2.27701448e+02
3.54460888e-02 1.44544071e-01 1.13955762e+02 4.64720576e+02
-4.14627166e-02 2.07295574e-02 -5.03689753e+01 2.51819490e+01
1.15899564e-02 -4.48148414e-02 1.40555870e+01 -5.44204268e+01
-8.59447339e-02 1.26936379e-01 -2.87916306e+02 4.25239823e+02
2.15182023e-02 1.49276644e-02 2.29986651e+01 1.59494422e+01
4.67682627e-02 5.47110609e-02 7.09738109e+01 8.30577829e+01
9.44964096e-03 4.11286849e-02 1.11255812e+01 4.84645718e+01
-7.75402491e-02 -1.30188819e-02 -1.25500637e+02 -2.10589844e+01
2.20923521e-02 1.36640468e-01 6.44211645e+01 3.98423226e+02
4.40352897e-02 1.41894121e-01 1.41233389e+02 4.55095097e+02
-4.01576920e-02 1.40735404e-01 -1.26189708e+02 4.42176031e+02
-1.95792727e-02 7.86715849e-02 -3.24449714e+01 1.30374624e+02
2.92724080e-02 1.18849972e-01 7.31262729e+01 2.96921887e+02
-2.78672722e-02 -2.96837048e-02 -3.24817995e+01 -3.46070639e+01
3.46773201e-02 1.34500899e-01 1.01568064e+02 3.93999181e+02
-4.16837719e-02 -1.80162423e-02 -5.02877550e+01 -2.17325182e+01
-6.68554113e-02 -1.05607307e-02 -9.74762358e+01 -1.53811602e+01
3.22652388e-02 -1.07318686e-03 3.56243593e+01 -1.18404468e+00
-1.77322154e-02 1.22645296e-01 -4.49704933e+01 3.10975796e+02
-8.33447368e-02 -4.79655087e-02 -1.60420076e+02 -9.23195165e+01
-5.10340617e-02 7.79949138e-02 -9.53812047e+01 1.45745170e+02
-7.32348689e-03 2.61068154e-02 -7.86227290e+00 2.80451944e+01
-1.35070279e-03 2.06788694e-02 -1.41572386e+00 2.15628291e+01
4.11912539e-02 1.10967169e-01 9.88920905e+01 2.66427469e+02
-1.27995797e-02 -1.29421521e-02 -1.32368083e+01 -1.33733806e+01
4.26326285e-02 4.87649315e-02 6.05204056e+01 6.92277622e+01
-2.21957918e-02 1.43539049e-01 -6.90166488e+01 4.46340835e+02
2.66437150e-03 3.67679654e-02 3.02633749e+00 4.17575613e+01
-2.48812479e-02 1.11349362e-01 -5.72775166e+01 2.56286766e+02
-5.63758910e-02 8.72886830e-02 -1.17253461e+02 1.81545562e+02
-8.18833861e-02 -2.22366964e-02 -1.40832344e+02 -3.82465580e+01
2.89902749e-02 3.69309588e-02 3.54029960e+01 4.50662797e+01
-6.78755431e-02 -4.70435827e-02 -1.14162251e+02 -7.91089025e+01
-4.49692596e-02 1.06040467e-01 -1.04633451e+02 2.46716415e+02
-4.90760733e-02 -1.08136107e-02 -6.14671023e+01 -1.35503450e+01
-7.31438772e-02 -4.78601994e-02 -1.29021612e+02 -8.44271526e+01
3.04639334e-02 1.76902768e-02 3.42476886e+01 1.98882838e+01
3.75052398e-03 1.11555772e-01 8.42212162e+00 2.50549772e+02
-1.19044575e-02 5.12262258e-02 -1.51860558e+01 6.54061242e+01
-1.71560910e-02 1.15693630e-01 -4.06113749e+01 2.73955198e+02
-5.05416877e-02 -1.43010334e-02 -6.44807675e+01 -1.82622736e+01
4.37367155e-02 -3.38492184e-02 5.71164164e+01 -4.42098604e+01
-5.85709130e-02 1.03036791e-01 -1.40827526e+02 2.47781613e+02
-7.49060539e-02 -3.31433897e-02 -1.25176219e+02 -5.53630320e+01
-7.77846467e-02 2.42127890e-02 -1.29418302e+02 4.02877935e+01
3.54020752e-02 1.39969278e-01 1.09211704e+02 4.31725333e+02
-4.96818369e-02 1.28834445e-02 -6.27544005e+01 1.62939964e+01
3.30125367e-02 9.20151132e-04 3.66131000e+01 1.01990334e+00
1.98564606e-03 1.18664643e-01 4.78577115e+00 2.85803717e+02
-3.89888328e-02 1.28454786e-01 -1.09249178e+02 3.59942281e+02
-3.15314714e-02 -1.61571631e-02 -3.54927040e+01 -1.81843397e+01
-4.63740521e-02 1.46958394e-02 -5.73323316e+01 1.81852042e+01
2.84476439e-02 1.35516189e-01 8.30017787e+01 3.95371900e+02
-3.41798239e-02 1.43322499e-01 -1.08378029e+02 4.54451102e+02
5.48927618e-03 -2.70606973e-03 5.51016240e+00 -2.72898167e+00
2.08609426e-02 8.84828924e-02 3.81079412e+01 1.61608402e+02
-1.25192811e-02 -3.30396357e-02 -1.40778562e+01 -3.71677242e+01
8.82983135e-03 1.28987904e-01 2.35929720e+01 3.44581764e+02
1.05573855e-03 6.88581707e-02 1.55240445e+00 1.01499818e+02
-5.52643950e-02 1.19122992e-01 -1.50574423e+02 3.24556107e+02
-2.43904704e-03 1.62592986e-03 -2.45362015e+00 1.64194963e+00
-4.87250769e-02 1.32352635e-01 -1.45644354e+02 3.95625754e+02
-5.99745107e-02 1.37883774e-01 -1.95561846e+02 4.49631783e+02
-6.03590131e-02 1.16031305e-01 -1.63605363e+02 3.14506846e+02
9.50353979e-03 9.84766859e-02 1.88195215e+01 1.94859532e+02
3.64110263e-02 6.74840038e-02 5.78233553e+01 1.07159344e+02
-8.44823883e-02 -1.68831653e-03 -1.44800791e+02 -2.89311521e+00
-8.39167842e-02 1.39714554e-01 -3.06808126e+02 5.10820626e+02
2.34880745e-02 1.21999718e-01 5.97509491e+01 3.10313130e+02
-5.38949822e-02 1.36889099e-01 -1.70541138e+02 4.33162288e+02
-8.54298588e-02 9.50333318e-02 -2.24936625e+02 2.50247186e+02
-5.37094624e-02 1.53661370e-02 -7.04791994e+01 2.01545381e+01
2.19525173e-02 5.04790012e-02 2.86211073e+01 6.57767267e+01
-1.78448830e-02 2.99891848e-02 -2.00311234e+01 3.36362339e+01
-3.31013829e-03 -1.44055329e-02 -3.38872307e+00 -1.47125386e+01
-4.92871383e-02 1.33183158e-01 -1.48683584e+02 4.01782482e+02
3.07974573e-02 2.05065138e-02 3.50134375e+01 2.33165505e+01
1.28419020e-02 7.81615248e-02 2.09042971e+01 1.27201731e+02
-5.06662248e-02 7.04293254e-02 -8.87881074e+01 1.23430733e+02
-4.79114796e-02 1.13871677e-01 -1.21030195e+02 2.87664524e+02
-7.44886384e-02 7.95105972e-02 -1.62931926e+02 1.73897657e+02
-6.22521079e-02 -5.88118363e-03 -8.65993953e+01 -8.16083130e+00
1.06515283e-02 -2.80048055e-02 1.15961374e+01 -3.05036337e+01
-3.16806579e-02 4.64307844e-02 -4.16629848e+01 6.10895249e+01
3.25565407e-02 1.39852887e-01 9.96971744e+01 4.28219504e+02
-4.07725131e-02 1.33605664e-01 -1.20329501e+02 3.94320915e+02
3.14678093e-02 1.19974376e-01 7.98751108e+01 3.04546358e+02
-1.49596395e-02 1.30156623e-01 -4.06414184e+01 3.53578961e+02
4.69032551e-02 1.54631335e-04 5.72251031e+01 1.87397562e-01
2.32201487e-02 1.30068001e-01 6.37474788e+01 3.57115835e+02
1.33193695e-02 9.48169690e-02 2.55084118e+01 1.81735818e+02
-8.14317418e-03 5.67415509e-02 -1.07974484e+01 7.53957603e+01
-3.46092419e-02 1.04343696e-01 -7.64281726e+01 2.30434925e+02
4.44556008e-02 -4.92890479e-02 6.40358335e+01 -7.10011667e+01
-1.38697512e-02 7.53832033e-02 -2.20154880e+01 1.19669114e+02
-2.87624598e-03 -3.66106172e-03 -2.88597152e+00 -3.66660705e+00
-1.22684554e-02 -3.10087860e-02 -1.36481513e+01 -3.44521094e+01
9.25353114e-04 9.31653906e-02 1.74975766e+00 1.74042216e+02
2.38611383e-02 1.11502454e-01 5.48769540e+01 2.56501164e+02
-3.28870015e-02 1.24949524e-01 -8.77973877e+01 3.33545305e+02
-1.07974995e-02 1.31761606e-01 -2.96671919e+01 3.62048800e+02
2.48283453e-02 4.98682203e-02 3.25472974e+01 6.53287541e+01
-6.24272746e-02 1.46215951e-01 -2.20218745e+02 5.15783283e+02
-3.47841459e-03 -3.80201027e-03 -3.49606709e+00 -3.84363995e+00
1.73607327e-02 7.68561506e-02 2.81591198e+01 1.24566507e+02
-2.65271603e-02 5.51423183e-02 -3.64703327e+01 7.57948074e+01
2.03269372e-02 7.05730675e-02 3.13003300e+01 1.08637545e+02
-5.79932264e-03 9.51917692e-02 -1.10566966e+01 1.81761641e+02
4.24477042e-02 -9.96278685e-03 5.05202900e+01 -1.18610731e+01
-7.86296780e-02 1.49682712e-01 -3.03404529e+02 5.77586574e+02
-6.35991355e-02 3.81744400e-02 -9.85891749e+01 5.91896982e+01
-2.52978665e-02 5.25299494e-02 -3.39137630e+01 7.04069142e+01
-6.29017459e-02 -2.72068477e-02 -9.24340500e+01 -3.99835083e+01
-3.97232926e-02 -3.49378255e-02 -5.08212483e+01 -4.47293099e+01
-3.04435148e-02 1.12144247e-01 -7.15545304e+01 2.63592818e+02
5.57772601e-03 -4.73163379e-02 6.83741143e+00 -5.80485446e+01
-5.93184672e-02 3.57601386e-02 -8.77779726e+01 5.29276401e+01
4.09588160e-02 2.05358655e-02 4.95593757e+01 2.48475232e+01
8.47531137e-05 -4.09003568e-02 7.86020730e-02 -4.77468413e+01
-1.54945832e-02 6.94924172e-03 -1.59378602e+01 7.14167918e+00
5.39036568e-03 1.23427860e-01 1.36208821e+01 3.11818270e+02
2.57476234e-02 7.93099872e-02 4.36433780e+01 1.34446165e+02
-3.14104455e-02 5.83598146e-02 -4.52336065e+01 8.39761227e+01
2.75776994e-02 1.24020473e-01 7.20943561e+01 3.24210973e+02
-1.00587733e-02 1.42807227e-01 -3.06589389e+01 4.35507580e+02
-4.52983168e-02 8.62408368e-02 -8.82801539e+01 1.68069722e+02
-6.54534372e-02 1.82293647e-02 -9.56696617e+01 2.66503231e+01
-6.88495674e-02 5.46017063e-02 -1.22027774e+02 9.67553897e+01
1.66421808e-02 -1.90313504e-03 1.71059411e+01 -1.95842065e+00
3.09801733e-02 3.95797831e-02 3.88231497e+01 4.95832145e+01
2.15084414e-02 3.95016278e-02 2.58639635e+01 4.74885631e+01
-8.56602856e-02 1.39345654e-01 -3.14833381e+02 5.12165571e+02
-4.80083882e-03 3.31916830e-04 -4.80895846e+00 3.14119077e-01
4.46909498e-02 -1.31008791e-02 5.43625222e+01 -1.59409841e+01
1.77615483e-02 1.10573297e-01 4.00243421e+01 2.49250046e+02
-8.06074756e-02 -1.02703471e-02 -1.33826290e+02 -1.70672612e+01
3.22316896e-02 -2.43538122e-02 3.74927219e+01 -2.83261967e+01
1.38749930e-02 1.46576157e-01 4.39611712e+01 4.64286004e+02
5.08981303e-03 5.25750285e-02 6.50367906e+00 6.72405084e+01
-5.01094996e-02 1.03770570e-01 -1.16639803e+02 2.41575956e+02
-1.76031255e-02 -3.57999563e-03 -1.81857443e+01 -3.68599174e+00
-8.58659757e-02 1.30666235e-01 -2.95796164e+02 4.50083040e+02
1.37752429e-02 1.39691681e-01 4.09059516e+01 4.14925475e+02
-2.06307026e-02 1.14891922e-01 -4.87387334e+01 2.71451873e+02
-5.63756773e-02 -1.27014623e-02 -7.52110580e+01 -1.69353227e+01
-1.44712753e-02 9.98561574e-02 -2.92102358e+01 2.01511212e+02
-8.44370039e-02 -2.04862325e-02 -1.48192098e+02 -3.59445788e+01
-3.20971595e-02 -2.21397657e-02 -3.69888912e+01 -2.55248834e+01
-2.37849067e-02 3.45683626e-02 -2.79705190e+01 4.06516135e+01
-7.07911595e-02 3.48584749e-02 -1.14878603e+02 5.65524326e+01
4.13890816e-03 5.35573448e-02 5.33183456e+00 6.89977295e+01
-4.24642784e-02 9.08994396e-02 -8.52029190e+01 1.82393690e+02
-1.63278469e-02 5.01239146e-02 -2.08728396e+01 6.40475107e+01
-2.39453312e-02 1.46364884e-01 -7.66196814e+01 4.68303047e+02
2.20897644e-02 8.29553797e-02 3.83594119e+01 1.44078420e+02
-3.12072444e-02 7.05573524e-02 -4.97753672e+01 1.12559117e+02
5.35560586e-03 -2.60358711e-03 5.36356531e+00 -2.62371524e+00
3.33635646e-02 -2.47843039e-02 3.91128551e+01 -2.90571749e+01
2.58080455e-02 2.29046895e-02 2.88728565e+01 2.56380517e+01
-2.25975743e-02 1.10718925e-01 -5.14644190e+01 2.52096158e+02
8.57511171e-04 1.00665161e-01 1.72267112e+00 2.02663906e+02
3.60628477e-02 1.24397126e-01 9.65660577e+01 3.33091779e+02
2.44335179e-02 1.31528929e-01 6.81783189e+01 3.66928688e+02
-7.77538133e-02 2.99509975e-02 -1.31741817e+02 5.07286322e+01
-2.02829914e-02 8.20030447e-02 -3.47328854e+01 1.40518845e+02
-8.45841934e-03 3.56664796e-02 -9.60352688e+00 4.04544008e+01
-6.18705658e-03 7.22998953e-02 -9.46514702e+00 1.10369810e+02
1.45612728e-03 -1.19433035e-02 1.49532836e+00 -1.21213730e+01
-6.40939311e-02 -3.74760396e-02 -9.94106856e+01 -5.81439387e+01
-7.56054286e-02 -1.08331533e-02 -1.19688420e+02 -1.71609710e+01
1.50173947e-02 -2.80529957e-02 1.65238891e+01 -3.08778450e+01
3.81265162e-03 -9.28792447e-03 3.83819256e+00 -9.38045064e+00
-8.73846592e-02 4.73900493e-02 -1.73732373e+02 9.42092321e+01
-1.48795253e-02 1.04989076e-01 -3.16381362e+01 2.23059965e+02
1.49219459e-02 6.45376587e-02 2.14675890e+01 9.28326976e+01
-6.35206275e-02 2.87166829e-02 -9.43889756e+01 4.26667793e+01
-5.15736242e-02 5.53431721e-02 -8.10871522e+01 8.70098433e+01
-4.89802963e-02 6.54981362e-02 -8.17478359e+01 1.09326917e+02
2.84195520e-03 -2.21800903e-03 2.85895375e+00 -2.22099251e+00
1.03223266e-02 9.11160824e-02 1.90177494e+01 1.67729101e+02
3.87935008e-02 3.82703491e-02 5.03059890e+01 4.96354214e+01
-3.52917697e-02 4.34477133e-02 -4.63460830e+01 5.70778307e+01
-5.08503973e-03 -4.40434112e-02 -6.08912671e+00 -5.27083447e+01
-8.93179133e-02 8.38315596e-02 -2.23341833e+02 2.09635065e+02
-1.39570333e-02 7.31451857e-02 -2.17058457e+01 1.13690045e+02
-9.50843818e-03 1.11843317e-01 -2.14945454e+01 2.52747929e+02
1.40089751e-02 1.81840498e-02 1.47468998e+01 1.91281828e+01
-1.08250545e-03 1.26043995e-01 -2.80532963e+00 3.26312057e+02
1.54732102e-02 6.48560611e-03 1.58945067e+01 6.65913068e+00
-3.20832969e-02 -7.05686087e-03 -3.55530995e+01 -7.82201945e+00
4.48225535e-02 5.07966019e-02 6.53946847e+01 7.41114898e+01
-2.59212597e-02 1.00924445e-01 -5.40802534e+01 2.10514243e+02
-1.69676961e-02 9.24624391e-02 -3.19540023e+01 1.74166839e+02
4.01990325e-02 7.50662310e-02 6.93507397e+01 1.29490617e+02
-1.62332516e-02 1.00773814e-01 -3.31371797e+01 2.05772901e+02
1.39623281e-02 9.54202377e-02 2.69450875e+01 1.84169094e+02
-7.82370208e-02 1.15914744e-01 -2.31225586e+02 3.42632203e+02
2.55245463e-02 -4.36031631e-02 3.20479354e+01 -5.47170370e+01
-1.55114683e-04 2.48160375e-02 -1.63918812e-01 2.63264881e+01
3.40152364e-02 6.30579341e-02 5.14694513e+01 9.54470829e+01
4.60994722e-02 9.85044905e-02 1.00640785e+02 2.15005766e+02
-1.40337023e-02 1.26811242e-01 -3.68833304e+01 3.33231873e+02
-6.32219128e-02 2.74092465e-02 -9.32459117e+01 4.04308430e+01
-2.30976755e-03 7.47103602e-02 -3.60596204e+00 1.16449664e+02
1.42767422e-02 9.14510688e-03 1.46706576e+01 9.39435785e+00
2.90436843e-03 -3.27333426e-02 3.21480176e+00 -3.62679088e+01
4.76254577e-02 6.96854445e-02 8.15446578e+01 1.19327672e+02
7.56296570e-03 1.31161683e-01 2.06280205e+01 3.57546968e+02
-4.97502657e-02 1.41445068e-01 -1.61588737e+02 4.59453657e+02
4.03028626e-02 3.80847745e-03 4.69100494e+01 4.43797705e+00
1.79907510e-02 6.43270673e-02 2.60227078e+01 9.30361256e+01
-6.94747818e-02 7.24922257e-02 -1.39514007e+02 1.45575632e+02
-6.22474794e-02 7.14329907e-03 -8.66851457e+01 9.94152322e+00
-1.19377059e-02 6.47122165e-02 -1.71096164e+01 9.27408613e+01
-2.73460269e-02 1.20247533e-01 -6.89133976e+01 3.03120474e+02
-5.10296937e-02 4.74942603e-02 -7.58384291e+01 7.05783964e+01
-8.53927797e-02 -2.73177998e-02 -1.54037493e+02 -4.92765711e+01
-2.33074992e-03 -3.04834764e-02 -2.55318225e+00 -3.33482170e+01
-7.37842555e-02 4.11039876e-03 -1.14093441e+02 6.36932412e+00
-8.62860308e-02 2.79677497e-02 -1.57270136e+02 5.09773174e+01
-5.10094159e-02 7.29563782e-02 -9.14426718e+01 1.30776796e+02
-1.91931311e-02 1.07300153e-01 -4.19956676e+01 2.34782730e+02
-8.63516094e-02 -4.85906552e-02 -1.71128916e+02 -9.63023601e+01
3.95985752e-02 3.11114768e-02 4.96206720e+01 3.90033879e+01
4.48245274e-02 1.37652354e-01 1.38757076e+02 4.26129552e+02
-7.55278154e-03 1.18503642e-01 -1.81929863e+01 2.85578008e+02
-6.72857001e-02 -1.10812530e-02 -9.85805188e+01 -1.62298101e+01
-5.27730143e-02 8.78989726e-02 -1.08253519e+02 1.80279001e+02
-3.92897452e-02 1.11438115e-01 -9.41476419e+01 2.67026222e+02
-6.41061343e-04 -2.13991781e-02 -6.66613209e-01 -2.23705657e+01
-7.38589204e-02 -8.38051800e-03 -1.14674586e+02 -1.29961855e+01
-2.21741915e-02 1.27491016e-01 -5.92998352e+01 3.40977199e+02
-2.61778070e-02 8.06502285e-02 -4.50027584e+01 1.38631911e+02
-1.70812323e-02 9.80587271e-02 -3.39932475e+01 1.95207177e+02
2.45767085e-03 -1.81982310e-04 2.45289890e+00 -1.95278057e-01
1.59262479e-02 1.37587533e-01 4.64749606e+01 4.01541423e+02
-3.22809501e-02 7.23088199e-02 -5.25451145e+01 1.17660272e+02
-7.58010912e-02 9.24489609e-02 -1.84136495e+02 2.24590003e+02
-2.19005597e-02 8.98293131e-02 -4.06104187e+01 1.66619336e+02
2.00983915e-02 -1.88942832e-02 2.16166074e+01 -2.03450430e+01
-3.90161582e-02 6.33291113e-02 -6.06020288e+01 9.83648286e+01
-6.17715537e-02 3.32925112e-02 -9.22089433e+01 4.96795214e+01
-3.63407566e-02 -1.39387878e-02 -4.18452842e+01 -1.60578487e+01
-6.57862761e-03 -2.09000422e-02 -6.90207936e+00 -2.19130278e+01
2.63051914e-02 -1.93158118e-02 2.91279492e+01 -2.13569331e+01
-4.19211870e-02 2.01234379e-02 -5.09853201e+01 2.44803766e+01
1.38236813e-03 4.81480233e-02 1.71486801e+00 5.93354542e+01
-6.96757390e-02 1.69361066e-02 -1.05510504e+02 2.56427362e+01
-3.91697347e-02 -4.37167314e-03 -4.52585892e+01 -5.04131710e+00
-5.82494951e-02 3.16362806e-02 -8.38479704e+01 4.55386986e+01
-6.46979101e-02 8.88613878e-02 -1.42860524e+02 1.96239058e+02
3.30877985e-02 -1.62399620e-02 3.75877994e+01 -1.84438358e+01
-6.88964477e-02 -1.24720452e-03 -1.01630682e+02 -1.83333219e+00
6.68947131e-03 -3.84864763e-02 7.71526921e+00 -4.43672145e+01
4.58866178e-02 1.35910075e-01 1.40318279e+02 4.15575139e+02
-1.55491340e-02 1.06343057e-01 -3.35061637e+01 2.29173162e+02
-6.37605321e-02 -3.90471748e-02 -9.93884621e+01 -6.08959214e+01
4.59038813e-02 -3.16492333e-02 6.01693366e+01 -4.14915250e+01
-3.53384509e-02 7.80221664e-03 -3.99883808e+01 8.82596176e+00
3.99519226e-02 1.07989559e-01 9.29057338e+01 2.51164747e+02
3.15534000e-02 -4.69961156e-02 4.16612865e+01 -6.20631822e+01
-3.37068531e-02 5.44401660e-03 -3.76332557e+01 6.07741973e+00
-6.09630809e-02 9.94560642e-02 -1.43905618e+02 2.34793556e+02
1.20340905e-02 2.04778885e-02 1.27265853e+01 2.16322740e+01
2.73764069e-02 1.39833401e-02 2.99545400e+01 1.53141197e+01
-2.25919863e-02 -1.15937468e-02 -2.40486290e+01 -1.23292454e+01
-1.61975754e-02 7.61591762e-03 -1.67176939e+01 7.85993302e+00
-5.11786944e-02 1.97525967e-02 -6.65851640e+01 2.56945736e+01
-1.69506307e-02 1.07695827e-01 -3.70977100e+01 2.35707000e+02
-6.87445983e-03 8.17198756e-03 -6.94370212e+00 8.27425200e+00
-6.48909977e-02 3.27120760e-02 -9.91692734e+01 4.99895410e+01
1.99516530e-02 7.39984407e-02 3.16861444e+01 1.17472636e+02
4.82056315e-02 6.24788912e-02 7.82228280e+01 1.01397512e+02
1.62570917e-03 1.35052238e-01 4.57873116e+00 3.81421617e+02
-3.20760286e-03 2.02636641e-02 -3.33276611e+00 2.11007007e+01
-6.75547475e-02 4.73477872e-02 -1.13530286e+02 7.95756711e+01
-6.35452369e-02 4.37677899e-02 -1.01375026e+02 6.98280488e+01
2.58924535e-02 -4.77048975e-02 3.35205547e+01 -6.17700531e+01
2.06036611e-02 -2.55572180e-02 2.28225306e+01 -2.82903478e+01
-6.27994025e-02 1.25726005e-01 -1.86828379e+02 3.74033786e+02
1.37157629e-02 6.25345773e-02 1.93285988e+01 8.81685848e+01
-4.68748218e-02 6.73924414e-02 -7.84473289e+01 1.12797691e+02
2.92736503e-02 -1.19555821e-02 3.21983454e+01 -1.31429706e+01
4.20374063e-02 7.34764626e-02 7.21618843e+01 1.26143931e+02
-1.56397428e-02 1.55187798e-02 -1.64019554e+01 1.62625239e+01
-5.99032927e-02 -4.34269488e-02 -9.27042944e+01 -6.72059021e+01
3.25742441e-02 -3.37526875e-02 3.97474215e+01 -4.11883380e+01
3.86916247e-02 2.91690446e-04 4.44726941e+01 3.46483695e-01
-2.38677181e-02 6.98511748e-02 -3.68636961e+01 1.07908967e+02
1.16641624e-02 1.40868141e-01 3.49743592e+01 4.22319261e+02
-2.29259196e-02 7.84645277e-02 -3.82377215e+01 1.30902795e+02
-3.45236886e-02 3.95891957e-02 -4.40436376e+01 5.05210502e+01
4.17188893e-02 1.45919574e-01 1.37804589e+02 4.82009619e+02
1.02381026e-02 9.94765469e-02 2.04861757e+01 1.98959708e+02
-5.47213353e-02 1.78974789e-02 -7.28799900e+01 2.38294586e+01
-1.36385275e-02 8.64956159e-02 -2.40966672e+01 1.52800930e+02
4.90173901e-02 1.48322606e-02 6.18665040e+01 1.87223677e+01
3.46427038e-02 3.09028760e-02 4.21069830e+01 3.75697223e+01
-7.92434801e-02 -9.39771176e-04 -1.28999062e+02 -1.53750600e+00
-6.41352587e-02 3.61947307e-02 -9.89173429e+01 5.58352396e+01
-7.55583392e-02 -4.50955026e-02 -1.34053831e+02 -8.00041084e+01
4.56265219e-03 1.09100542e-01 1.00106254e+01 2.39193295e+02
4.44496205e-03 -1.47447744e-02 4.55984033e+00 -1.51033895e+01
3.03122660e-02 6.56644775e-02 4.61638380e+01 9.99981028e+01
-7.06997120e-02 1.33479237e-01 -2.32001593e+02 4.38030138e+02
-2.64994940e-02 -3.04315843e-02 -3.08219288e+01 -3.53903626e+01
1.95273289e-02 5.89767413e-02 2.70568768e+01 8.17321562e+01
-5.35442523e-02 1.17745505e-02 -6.96530044e+01 1.53050285e+01
5.13782523e-03 -4.29852761e-02 6.11244559e+00 -5.10494969e+01
4.19931179e-02 1.10546510e-01 1.00708297e+02 2.65126660e+02
-6.33528487e-02 1.26499507e-01 -1.90150293e+02 3.79689344e+02
-5.34530376e-02 -4.33836313e-02 -7.87772596e+01 -6.39352999e+01
-7.75457245e-02 1.53402516e-02 -1.25999620e+02 2.49179420e+01
4.03385811e-02 -2.32443385e-02 4.91018923e+01 -2.82811409e+01
-6.59438337e-02 -4.77480213e-02 -1.09646534e+02 -7.94102904e+01
-4.99903893e-02 -4.80584807e-02 -7.40465584e+01 -7.11612810e+01
-6.87880313e-02 1.44256662e-01 -2.44479734e+02 5.12706219e+02
3.47013868e-02 1.21743023e-01 9.03065998e+01 3.16836113e+02
-8.74292309e-02 1.36281093e-01 -3.16634981e+02 4.93570391e+02
-7.46885282e-02 -1.52914706e-02 -1.18114483e+02 -2.41743999e+01
-4.79759433e-02 -1.58025302e-02 -6.02181831e+01 -1.98480199e+01
-1.86176438e-02 5.23159779e-02 -2.43510172e+01 6.84545790e+01
-8.11643617e-03 4.25476361e-02 -9.63904079e+00 5.05290954e+01
-9.85968563e-03 1.16875933e-01 -2.34316155e+01 2.77662268e+02
-8.56378229e-03 -4.50308279e-02 -1.03575859e+01 -5.44869899e+01
3.99490107e-02 -5.12314679e-03 4.64424317e+01 -5.95424937e+00
3.42672990e-03 6.87872287e-02 5.03991341e+00 1.01423063e+02
-8.64243881e-02 9.72514515e-02 -2.32725843e+02 2.61854104e+02
-4.23375242e-03 8.14330085e-02 -7.04365055e+00 1.35575160e+02
-3.67710753e-02 7.63488817e-02 -6.31766802e+01 1.31181879e+02
-3.97524401e-02 7.37940217e-02 -6.77124072e+01 1.25641484e+02
1.25179029e-02 1.34902030e-01 3.54860611e+01 3.82517712e+02
-1.02485021e-02 -1.00982898e-03 -1.03482631e+01 -1.02785869e+00
-2.16507480e-02 1.35871782e-02 -2.30673199e+01 1.44741126e+01
-1.51840228e-02 1.14710311e-01 -3.54930850e+01 2.68299870e+02
7.26443893e-03 1.26443390e-02 7.41801478e+00 1.29083349e+01
-5.83538161e-02 -4.97770339e-02 -9.26801108e+01 -7.90593217e+01
-3.52387535e-02 1.00596859e-02 -3.99596819e+01 1.14124278e+01
2.12954395e-02 8.69513410e-02 3.83795977e+01 1.56628028e+02
-5.97564508e-02 6.78868757e-03 -8.13758837e+01 9.23497548e+00
-8.91305626e-02 3.63124491e-02 -1.71685064e+02 6.99362236e+01
9.34249019e-03 -2.62444571e-02 1.00745040e+01 -2.83043340e+01
4.48538191e-02 1.01810802e-01 1.00364736e+02 2.27822597e+02
-1.49566377e-02 1.72250886e-02 -1.57229468e+01 1.81020593e+01
1.58039998e-02 1.38169484e-01 4.63541913e+01 4.05406701e+02
-7.45892889e-02 -3.52162224e-02 -1.25326581e+02 -5.91891676e+01
7.32128906e-03 -8.45639199e-03 7.41045682e+00 -8.56740463e+00
-1.33395616e-02 1.00933935e-01 -2.71850163e+01 2.05560579e+02
-2.61483874e-03 2.96733104e-03 -2.60910905e+00 2.97635828e+00
-5.47305148e-04 6.31262938e-02 -7.58151957e-01 8.82798448e+01
4.84350639e-02 1.05495886e-01 1.13692014e+02 2.47657397e+02
-4.59099369e-02 2.33718637e-02 -5.80988980e+01 2.95568944e+01
-4.51144764e-03 -7.41708190e-03 -4.55020129e+00 -7.47604802e+00
-4.69375975e-02 4.94896557e-02 -6.87728146e+01 7.25140071e+01
4.73551988e-02 3.73125543e-02 6.45459405e+01 5.08938219e+01
4.54652457e-02 1.17235245e-01 1.17348181e+02 3.02583789e+02
-6.64132240e-02 5.58174421e-02 -1.16397166e+02 9.78327472e+01
4.52701009e-04 4.41860286e-03 4.54905065e-01 4.43081115e+00
3.35311932e-03 -4.77793333e-02 4.12640182e+00 -5.87353046e+01
5.88935957e-03 9.81563626e-02 1.15888601e+01 1.93059601e+02
-7.64454225e-02 9.13898896e-02 -1.84981943e+02 2.21126696e+02
1.20945260e-02 1.31308264e-02 1.24795968e+01 1.35497534e+01
4.13970916e-02 1.44150030e-01 1.34519116e+02 4.68381793e+02
2.79050766e-02 3.49225420e-02 3.34674478e+01 4.18923646e+01
4.90531498e-02 1.15020539e-03 6.08615278e+01 1.43496920e+00
4.09597817e-02 1.17768967e-01 1.04643408e+02 3.00855552e+02
4.29042206e-03 3.11640812e-02 4.71816821e+00 3.42419182e+01
-1.80178425e-02 4.96333650e-02 -2.30280189e+01 6.34553461e+01
2.92056274e-02 5.38461129e-03 3.17787000e+01 5.87090446e+00
-1.98622383e-02 9.59246757e-02 -3.89191978e+01 1.87972806e+02
8.28972499e-03 7.37860846e-02 1.28692821e+01 1.14454304e+02
-5.39899352e-02 1.13290534e-01 -1.39004754e+02 2.91724016e+02
-2.10527085e-02 1.25561900e-01 -5.51773824e+01 3.29089584e+02
1.75181771e-02 4.89544268e-02 2.22426585e+01 6.21957305e+01
-7.46641596e-02 1.45801788e-01 -2.75015604e+02 5.37038847e+02
-7.98402618e-03 2.60142411e-02 -8.57832536e+00 2.79282209e+01
-4.83937088e-02 -4.66751787e-02 -7.02630311e+01 -6.77767200e+01
2.59480362e-02 6.48149510e-02 3.85849197e+01 9.64001993e+01
4.38427417e-02 6.29220198e-02 6.96212291e+01 9.99208348e+01
4.43434684e-02 -2.23717334e-03 5.30928231e+01 -2.66836170e+00
-2.86881305e-02 1.08760901e-01 -6.50100107e+01 2.46369803e+02
-7.35581289e-02 1.26782213e-01 -2.31586697e+02 3.99153145e+02
4.78411691e-02 -1.21163956e-02 5.94941938e+01 -1.50646930e+01
-7.19775754e-02 1.04385429e-01 -1.87695731e+02 2.72212819e+02
6.39772797e-03 -4.47304242e-02 7.68621708e+00 -5.38541110e+01
3.34566873e-02 1.24733874e-01 8.92517214e+01 3.32771292e+02
-7.44352267e-02 1.23072821e-01 -2.28430294e+02 3.77662877e+02
4.44235990e-04 7.10198268e-02 6.49703900e-01 1.06829398e+02
-7.28246541e-02 5.67723769e-02 -1.34911233e+02 1.05171561e+02
4.48188178e-03 -3.56146070e-02 5.03758440e+00 -4.02067039e+01
-1.34883901e-02 8.19327911e-02 -2.27985168e+01 1.38435246e+02
4.80963606e-02 1.19248346e-01 1.27636764e+02 3.16419487e+02
-6.31094058e-02 -4.74968228e-03 -8.83906779e+01 -6.66258993e+00
-7.43262378e-02 5.22545787e-02 -1.35690784e+02 9.53935791e+01
-4.18125097e-02 -3.59304241e-02 -5.44990261e+01 -4.68470086e+01
-3.83390021e-03 1.12773913e-01 -8.70944295e+00 2.56351543e+02
-4.76040073e-02 -3.22464588e-02 -6.33462423e+01 -4.29090885e+01
4.42003895e-02 9.54330870e-02 9.30926959e+01 2.00990816e+02
-4.06982496e-02 1.32287028e-01 -1.18649813e+02 3.85698644e+02
-5.91258287e-02 2.34384652e-02 -8.30512522e+01 3.29173092e+01
-4.36579792e-02 8.19419608e-02 -8.12829565e+01 1.52579144e+02
-5.22461627e-02 2.09638697e-02 -6.87982411e+01 2.75885625e+01
-6.36492818e-02 -1.53511457e-02 -9.09366521e+01 -2.19261992e+01
-7.80626112e-03 -3.89695830e-02 -9.05149013e+00 -4.51245093e+01
-5.09656542e-02 1.26520401e-01 -1.45783107e+02 3.61911509e+02
-6.03998881e-03 -4.80960568e-02 -7.46265521e+00 -5.93978538e+01
-4.60421941e-02 4.63249861e-02 -6.56982699e+01 6.60910348e+01
-1.18398790e-02 2.89840268e-02 -1.30145906e+01 3.18255103e+01
-6.80547746e-02 1.00903402e-01 -1.68852338e+02 2.50357385e+02
-1.08362165e-02 1.29906183e-01 -2.92517544e+01 3.50666397e+02
-6.13370879e-02 7.64384751e-02 -1.20237726e+02 1.49868273e+02
3.70462484e-02 1.06516196e-01 8.41754905e+01 2.42001400e+02
-6.02137350e-02 8.02730724e-02 -1.20844512e+02 1.61111922e+02
-5.36232434e-02 1.67594914e-02 -7.05484657e+01 2.20504682e+01
2.42269342e-02 6.94032376e-02 3.72967485e+01 1.06908037e+02
-1.47121260e-02 -4.86530586e-02 -1.85114277e+01 -6.12126436e+01
-8.66006005e-02 1.13634949e-01 -2.63369055e+02 3.45592578e+02
-7.68940052e-02 -3.68802968e-02 -1.32816927e+02 -6.37017089e+01
2.47957191e-02 4.35636096e-02 3.10068082e+01 5.44954558e+01
-8.48989410e-03 9.57941339e-02 -1.63355464e+01 1.84401825e+02
-1.12547369e-02 3.24785216e-02 -1.25961752e+01 3.63061078e+01
-4.85352594e-02 8.65505732e-02 -9.63210337e+01 1.71788367e+02
-5.87990551e-02 -1.11209959e-02 -7.98483083e+01 -1.50944674e+01
-5.55628059e-02 6.09784762e-02 -9.33605269e+01 1.02484213e+02
-2.50856804e-02 3.09696943e-02 -2.90809237e+01 3.58811848e+01
-7.70495299e-02 7.91766775e-02 -1.71080672e+02 1.75827463e+02
-8.95595991e-02 3.76506065e-02 -1.74089594e+02 7.31765614e+01
4.71635469e-02 4.98554022e-02 6.93890195e+01 7.33324607e+01
4.55482014e-02 7.42467551e-03 5.52496926e+01 8.99598910e+00
2.38937211e-02 2.52588367e-02 2.67982399e+01 2.83089751e+01
-7.62315069e-02 2.21052610e-02 -1.24271777e+02 3.60350493e+01
2.75935280e-02 1.03170198e-01 5.90655675e+01 2.20846184e+02
-7.50865479e-02 1.37323405e-01 -2.59014703e+02 4.73719239e+02
2.70823188e-02 1.26338184e-01 7.22994236e+01 3.37271626e+02
-3.85817899e-03 1.18878137e-01 -9.32872804e+00 2.87058983e+02
6.80837930e-03 5.64027500e-02 9.01329172e+00 7.45961256e+01
3.29648280e-02 1.16140514e-01 8.10041212e+01 2.85428423e+02
-5.19475727e-02 -4.95999399e-02 -7.87477206e+01 -7.51991113e+01
2.39790141e-02 1.12459623e-01 5.56832645e+01 2.61164151e+02
9.21947111e-03 4.76668236e-02 1.13816403e+01 5.89115677e+01
8.87685424e-03 8.22692269e-02 1.49536053e+01 1.38595036e+02
1.83219177e-02 -3.42954170e-02 2.11093571e+01 -3.94749667e+01
3.43172126e-02 -3.08447941e-02 4.16177443e+01 -3.74035506e+01
-7.07976599e-03 9.39591419e-02 -1.33727560e+01 1.77390029e+02
-4.96728455e-03 7.49457484e-03 -4.99765808e+00 7.55294322e+00
1.25501561e-02 1.35749386e-01 3.58697681e+01 3.88036505e+02
-7.68768653e-02 1.35962063e-02 -1.23717479e+02 2.18694180e+01
-2.39872086e-02 9.35337962e-02 -4.63604897e+01 1.80738865e+02
-3.69228356e-02 3.76162875e-02 -4.71728765e+01 4.80656122e+01
-5.22606174e-02 2.04086805e-02 -6.87162491e+01 2.68201781e+01
-3.54202453e-02 6.50854114e-02 -5.48780376e+01 1.00813058e+02
1.06685953e-02 1.32035742e-01 2.93876046e+01 3.63720515e+02
-7.13646497e-02 8.67215366e-02 -1.61375886e+02 1.96094850e+02
-6.17649771e-02 1.13551439e-01 -1.64955816e+02 3.03270506e+02
-6.91773012e-02 1.11890894e-02 -1.03138760e+02 1.66695967e+01
5.32327380e-03 1.19049729e-01 1.28886080e+01 2.88107455e+02
9.67151632e-03 6.15087828e-02 1.34141230e+01 8.53574615e+01
-6.94373858e-02 3.31143441e-02 -1.10539445e+02 5.27170269e+01
-3.55429205e-02 4.95891908e-02 -4.87680483e+01 6.80450310e+01
-4.93579806e-02 1.09801500e-01 -1.20867357e+02 2.68922709e+02
-5.68665673e-02 8.75229924e-02 -1.18815515e+02 1.82859771e+02
-2.07939497e-02 1.17441199e-01 -5.03580287e+01 2.84498261e+02
-3.39587971e-02 1.15811867e-02 -3.83343155e+01 1.30858754e+01
-2.04527514e-02 6.54645063e-02 -3.00703750e+01 9.62709653e+01
-3.31399936e-02 -1.78826343e-02 -3.78327072e+01 -2.04149460e+01
-7.48269557e-02 4.32427952e-02 -1.30714262e+02 7.55480223e+01
-1.36645080e-02 -3.73048900e-02 -1.58003805e+01 -4.31882220e+01
-6.94771416e-02 1.41272946e-01 -2.41671128e+02 4.91409251e+02
-5.15922385e-02 -2.83138332e-02 -6.94692475e+01 -3.81322285e+01
-2.49375372e-02 -3.12871132e-03 -2.65044374e+01 -3.32017470e+00
2.07365834e-02 9.31497097e-02 3.96125411e+01 1.77973147e+02
-7.47220340e-02 2.93362203e-02 -1.22870388e+02 4.82338379e+01
4.29760480e-02 1.01126656e-01 9.48744965e+01 2.23213563e+02
1.03141127e-02 6.45115195e-02 1.47041445e+01 9.20402781e+01
4.71998903e-02 -3.68212460e-02 6.41069209e+01 -5.00272349e+01
3.73304695e-02 9.26738526e-02 7.45864418e+01 1.85175831e+02
3.32696379e-02 1.08756626e-01 7.62923770e+01 2.49454954e+02
4.33926276e-03 -4.21114403e-02 5.11066588e+00 -4.96612505e+01
5.70924507e-03 2.96023430e-02 6.20968316e+00 3.22910333e+01
2.03612328e-02 -4.06974635e-02 2.45843770e+01 -4.91413242e+01
2.06186903e-02 7.03198672e-02 3.16939198e+01 1.08081735e+02
-8.81057289e-02 3.81758077e-02 -1.69333513e+02 7.33653119e+01
-6.76492083e-02 1.15715131e-01 -1.89196345e+02 3.23602081e+02
-5.77190139e-02 1.11536898e-01 -1.48742461e+02 2.87452216e+02
-7.17879638e-02 4.97916221e-02 -1.26591689e+02 8.78016300e+01
1.63682138e-02 -3.50729570e-02 1.88267327e+01 -4.03217753e+01
-1.17106397e-02 4.85441660e-02 -1.45995424e+01 6.06539070e+01
-3.80190606e-02 8.54227504e-03 -4.37861313e+01 9.83358461e+00
-4.57707934e-02 4.84935971e-02 -6.61188473e+01 7.00688177e+01
-3.27948105e-02 -1.46191555e-02 -3.70263710e+01 -1.65287342e+01
4.86818430e-02 6.83901518e-03 6.04419981e+01 8.48610421e+00
-6.03945718e-02 -3.47904619e-02 -8.97474689e+01 -5.16999981e+01
3.42624309e-02 1.06051922e-01 7.68227857e+01 2.37772452e+02
-9.80459829e-03 -3.26383231e-02 -1.09472262e+01 -3.64185421e+01
-5.87868023e-02 1.49422331e-01 -2.10344708e+02 5.34672022e+02
-1.60261425e-02 -5.73834880e-04 -1.64449702e+01 -5.80369022e-01
-8.99442268e-02 -3.73621621e-03 -1.62827337e+02 -6.77452324e+00
6.17116575e-03 7.81485540e-02 9.96738200e+00 1.26179128e+02
-6.65057592e-02 9.71789226e-03 -9.65368773e+01 1.41103159e+01
-6.19277171e-02 -2.96669413e-02 -9.11201581e+01 -4.36575636e+01
-5.35281073e-02 -2.83391295e-02 -7.31657933e+01 -3.87398199e+01
-8.47322277e-02 6.66067842e-02 -1.83161852e+02 1.43997184e+02
1.37563595e-02 5.02049929e-02 1.74739809e+01 6.38169833e+01
1.42457373e-02 5.03274404e-02 1.81384233e+01 6.41139060e+01
-1.91683147e-02 -4.16929634e-02 -2.32162002e+01 -5.04727108e+01
-7.00505814e-02 3.66700805e-02 -1.13863115e+02 5.96043676e+01
-6.75311774e-02 9.82820834e-02 -1.63560417e+02 2.38030262e+02
4.00407919e-02 2.63602073e-03 4.64917459e+01 3.05546661e+00
4.00051370e-02 1.51536841e-02 4.73196643e+01 1.79213212e+01
4.48529732e-02 6.53269269e-02 7.30136943e+01 1.06356260e+02
-8.20988997e-02 4.07608370e-02 -1.51074784e+02 7.49922014e+01
-1.46817310e-02 8.85764345e-03 -1.51311534e+01 9.11004850e+00
-3.27138246e-03 1.21952613e-01 -8.14872705e+00 3.03456268e+02
4.06872642e-02 1.11665393e-01 9.81421135e+01 2.69377054e+02
4.13107710e-02 2.49788681e-02 5.09380066e+01 3.07994095e+01
-5.76269989e-02 1.34473084e-01 -1.80977647e+02 4.22298421e+02
1.57347549e-02 8.68167643e-02 2.79872694e+01 1.54402518e+02
3.24442238e-02 1.00650297e-01 6.87221383e+01 2.13204940e+02
-5.90756329e-02 -8.89802778e-03 -8.01415181e+01 -1.20659782e+01
-1.61615471e-02 -3.87301217e-02 -1.90048729e+01 -4.55522397e+01
7.37162056e-03 2.39479559e-02 7.82256010e+00 2.54602007e+01
-7.91531410e-02 5.56134279e-02 -1.53226844e+02 1.07638375e+02
3.62792432e-02 8.03480733e-02 6.44701573e+01 1.42797545e+02
-2.28478680e-02 3.08683781e-02 -2.62310326e+01 3.54303520e+01
-3.63709403e-02 1.46203358e-01 -1.18928565e+02 4.78057220e+02
-5.65335370e-02 8.93308401e-02 -1.19706320e+02 1.89174338e+02
-3.66537875e-02 1.20480658e-01 -9.47725404e+01 3.11562012e+02
2.50784102e-02 7.57848877e-02 4.10546520e+01 1.24076377e+02
-6.63620714e-03 6.27527139e-02 -9.29517291e+00 8.77498532e+01
-1.23165232e-02 -1.56687391e-02 -1.28116221e+01 -1.62890542e+01
3.25107987e-02 -6.77240997e-03 3.61026442e+01 -7.52276480e+00
3.37028926e-02 1.17253443e-01 8.38738227e+01 2.91773581e+02
1.80523214e-02 8.16165962e-02 3.06674092e+01 1.38645709e+02
-3.05350687e-02 1.48510448e-02 -3.40618176e+01 1.65617805e+01
-3.91196750e-02 2.06087372e-02 -4.67686125e+01 2.46399658e+01
7.06482181e-03 7.66132536e-02 1.12521273e+01 1.21960810e+02
-6.00257318e-02 9.95428005e-02 -1.41129508e+02 2.34061515e+02
-2.79917836e-02 1.05636114e-01 -6.14113472e+01 2.31788463e+02
4.47041496e-02 1.45825099e-01 1.48695141e+02 4.85048063e+02
1.15013838e-02 1.28973187e-01 3.07948683e+01 3.45222395e+02
3.36765113e-02 2.33896476e-02 3.93569565e+01 2.73448883e+01
6.61561229e-04 1.29036776e-01 1.76700866e+00 3.43895806e+02
1.24989777e-02 3.30582983e-02 1.40678194e+01 3.71889944e+01
-3.40994625e-03 9.19857207e-02 -6.31175668e+00 1.69937593e+02
-6.15331203e-02 3.15625925e-02 -9.09585727e+01 4.66543703e+01
9.46448589e-03 3.02112379e-02 1.04137042e+01 3.32387741e+01
-5.31053155e-04 1.49320564e-01 -1.71765140e+00 4.82255394e+02
-7.82883092e-02 9.89483552e-02 -2.02889633e+02 2.56461973e+02
-8.40471596e-02 7.28107271e-02 -1.87981246e+02 1.62836893e+02
3.53445996e-02 1.27602670e-01 9.73099046e+01 3.51320925e+02
1.86433453e-03 1.03557137e-01 3.86007307e+00 2.14667856e+02
-9.71668752e-03 6.48118863e-02 -1.38947141e+01 9.26547711e+01
1.60117053e-02 1.12467422e-01 3.66809720e+01 2.57615446e+02
2.60992031e-02 3.35031503e-02 3.08203090e+01 3.95522401e+01
1.77671797e-02 1.41720925e-01 5.40136555e+01 4.30842658e+02
-2.47965304e-02 1.17105065e-01 -6.03191559e+01 2.84891287e+02
-6.31183761e-02 6.83255132e-02 -1.17741690e+02 1.27463717e+02
3.10370914e-02 5.86964372e-02 4.46932506e+01 8.45708118e+01
-8.12884743e-02 2.24298920e-02 -1.39090630e+02 3.83709366e+01
-3.29771582e-04 1.03556453e-01 -6.94863754e-01 2.14615732e+02
1.50341531e-02 5.97718801e-02 2.07557407e+01 8.24662614e+01
4.05903691e-02 1.43299440e-01 1.30621403e+02 4.61180611e+02
-2.91032246e-03 -3.78077449e-03 -2.92373107e+00 -3.78429168e+00
1.59058540e-02 1.23717800e-01 4.06464474e+01 3.16211775e+02
-2.71551171e-02 1.17565722e-01 -6.66860554e+01 2.88747314e+02
-8.41115123e-02 1.46977053e-01 -3.25299005e+02 5.68478702e+02
2.05869299e-02 1.30526934e-01 5.65322125e+01 3.58436227e+02
-6.19871392e-02 4.30303063e-02 -9.72769146e+01 6.75289710e+01
4.65758769e-02 1.02744006e-01 1.05857988e+02 2.33502862e+02
-3.80491631e-02 9.62381648e-02 -7.88002692e+01 1.99297348e+02
-3.34562907e-02 5.28084397e-03 -3.73023596e+01 5.89797410e+00
2.20202037e-02 1.32261671e-01 6.15808202e+01 3.70047321e+02
-7.71767277e-02 4.73546076e-03 -1.23321221e+02 7.57129495e+00
-3.03348584e-03 4.90014792e-02 -3.76269273e+00 6.08078276e+01
4.60797396e-02 9.18747582e-02 9.47545248e+01 1.88931972e+02
-8.83681341e-03 9.67034037e-02 -1.71558378e+01 1.87878566e+02
-1.06772029e-02 -4.31787165e-02 -1.27915903e+01 -5.17141823e+01
-3.68837278e-02 1.19271175e-01 -9.43995099e+01 3.05158270e+02
-4.20059852e-04 -7.64574184e-03 -4.02088123e-01 -7.68714100e+00
-1.45712620e-02 9.17522275e-02 -2.71361868e+01 1.70944916e+02
3.30839068e-02 -3.04321594e-02 3.97765973e+01 -3.65907377e+01
-7.90036665e-02 -1.89760974e-02 -1.31162393e+02 -3.14884126e+01
-4.93830967e-02 7.87969393e-02 -9.20771087e+01 1.46950074e+02
3.15216938e-02 -1.07255920e-02 3.50106231e+01 -1.19116067e+01
-8.20723100e-02 8.61592069e-02 -1.98281140e+02 2.08148955e+02
1.61017222e-02 1.48439845e-01 5.20052326e+01 4.79360041e+02
2.13344210e-02 1.24448542e-01 5.53391473e+01 3.22847850e+02
2.15382212e-02 6.34926675e-02 3.12137071e+01 9.20327405e+01
-8.90820374e-02 1.32046927e-02 -1.61329195e+02 2.38961291e+01
3.93056611e-02 3.33368972e-02 4.97541730e+01 4.21873226e+01
-4.70270186e-02 1.33116804e-01 -1.40755929e+02 3.98449575e+02
1.46745271e-02 -1.85354409e-02 1.54782944e+01 -1.95616413e+01
-2.15850725e-02 -4.92290838e-03 -2.26449621e+01 -5.15558822e+00
-2.32572326e-02 9.42805506e-02 -4.51880683e+01 1.83173894e+02
2.38406729e-02 8.54683720e-02 4.26227255e+01 1.52749543e+02
4.08215438e-02 1.28955248e-01 1.15499311e+02 3.64898937e+02
-3.78517630e-02 6.16835842e-02 -5.76852457e+01 9.39691560e+01
2.10936322e-02 -2.92119736e-02 2.38356691e+01 -3.29999871e+01
-2.94942801e-02 1.38502229e-01 -8.86536297e+01 4.16239837e+02
2.69449148e-02 -4.81322626e-02 3.51510719e+01 -6.27917983e+01
1.00691489e-02 1.53914836e-02 1.04260751e+01 1.59075046e+01
-7.16389738e-02 -2.12628054e-02 -1.11657007e+02 -3.31424699e+01
-4.70219049e-02 -1.99868630e-02 -5.92889065e+01 -2.52237229e+01
-1.33921729e-02 4.00715096e-02 -1.57908221e+01 4.72364159e+01
3.49468440e-02 -3.63933555e-02 4.38250130e+01 -4.56496379e+01
-3.90539517e-02 1.10195788e-02 -4.54987071e+01 1.28395565e+01
-4.87971320e-02 7.09891811e-03 -6.06556853e+01 8.84073786e+00
1.41429669e-02 1.30218817e-01 3.84158024e+01 3.53651446e+02
-7.26037059e-02 3.09165303e-02 -1.17796546e+02 5.01828045e+01
4.45088971e-02 -8.89993578e-03 5.36667049e+01 -1.07254131e+01
-3.15134260e-02 1.44390092e-01 -1.00355298e+02 4.59746973e+02
-2.84604172e-02 -4.18664420e-02 -3.57378263e+01 -5.26099392e+01
-9.06880184e-03 1.24682546e-01 -2.32333483e+01 3.19556408e+02
-3.09398010e-04 -4.04766433e-02 -3.76908454e-01 -4.71152550e+01
-9.18963483e-03 6.19122047e-02 -1.27880672e+01 8.61662252e+01
1.51780295e-02 1.27968273e-01 4.04055723e+01 3.40465499e+02
-3.21165414e-02 1.08510331e-02 -3.58212070e+01 1.20991880e+01
-6.00257586e-02 5.21574837e-02 -9.79833454e+01 8.51363036e+01
4.95380940e-02 1.14536596e-01 1.26684456e+02 2.92894072e+02
-5.84449898e-02 -2.64088295e-02 -8.24715458e+01 -3.72827737e+01
-1.28929615e-02 -4.12074673e-02 -1.52973017e+01 -4.88781454e+01
2.99486715e-02 -1.24691977e-02 3.31008087e+01 -1.37899996e+01
-2.63637472e-02 -4.72211202e-02 -3.40828208e+01 -6.10067751e+01
4.71677626e-02 -3.58525732e-02 6.37268479e+01 -4.84271051e+01
3.27065764e-02 -3.88572779e-02 4.11602493e+01 -4.88608894e+01
-8.81782265e-02 7.84505608e-02 -2.11027558e+02 1.87724920e+02
-3.33321545e-02 -4.39498074e-03 -3.71034148e+01 -4.90648454e+00
5.83553115e-03 8.21474577e-02 9.78626689e+00 1.37868790e+02
1.20188930e-02 1.09050765e-01 2.64718805e+01 2.40334427e+02
-6.78520179e-02 -4.07094298e-02 -1.10314339e+02 -6.62031231e+01
-6.02435157e-02 2.99899210e-02 -8.75197070e+01 4.35713542e+01
3.28423180e-02 1.24809930e-01 8.75497508e+01 3.32690840e+02
-6.67252452e-02 1.27817416e-01 -2.05456652e+02 3.93534465e+02
-5.12878001e-03 -3.78776907e-02 -5.88038260e+00 -4.34039224e+01
2.05976439e-02 9.21094870e-02 3.89498575e+01 1.74183051e+02
-2.46654285e-02 7.90795864e-02 -4.16013338e+01 1.33351386e+02
1.55331492e-02 1.37323434e-01 4.52057906e+01 3.99605542e+02
2.50395314e-02 -4.86090165e-02 3.25209095e+01 -6.31524543e+01
1.26925387e-02 1.45674658e-01 3.98304207e+01 4.57176585e+02
3.89472537e-02 2.55398280e-02 4.73899514e+01 3.10710570e+01
-3.58214282e-02 4.19641014e-02 -4.67326008e+01 5.47474819e+01
-7.84273781e-02 5.42740249e-02 -1.49769562e+02 1.03647117e+02
-5.39932485e-02 1.05268300e-01 -1.29565978e+02 2.52612360e+02
-4.74369381e-02 8.30154102e-02 -9.08059979e+01 1.58888627e+02
1.25494999e-03 -2.56235946e-02 1.35463578e+00 -2.73123766e+01
4.44725257e-02 -4.57221016e-02 6.25613390e+01 -6.43332925e+01
-3.94373286e-02 5.95707845e-03 -4.57047709e+01 6.88376567e+00
-7.90076177e-02 2.45739342e-02 -1.33107335e+02 4.13998297e+01
-5.59816877e-02 1.25558165e-02 -7.44144439e+01 1.66732415e+01
-3.32421988e-02 1.09471273e-02 -3.73254321e+01 1.22969339e+01
-7.70596702e-02 -2.53009968e-02 -1.27752908e+02 -4.19564761e+01
4.10371164e-02 3.68137971e-02 5.35152935e+01 4.80197632e+01
4.66741860e-02 -1.43577586e-02 5.77962019e+01 -1.77687161e+01
4.87696945e-02 2.05623470e-02 6.24278249e+01 2.63232268e+01
-6.40255131e-02 -3.86976449e-02 -9.98677306e+01 -6.03662241e+01
-1.09550913e-02 6.24122488e-02 -1.53509335e+01 8.74810003e+01
-6.73953157e-02 -4.46010414e-02 -1.11411620e+02 -7.37158632e+01
-8.99191906e-03 3.28210096e-02 -1.00500504e+01 3.66379135e+01
-2.76030632e-02 6.85479272e-02 -4.26834872e+01 1.05980096e+02
4.67505591e-02 1.21027528e-01 1.25455418e+02 3.24734830e+02
4.06024057e-02 2.95930683e-02 5.08595480e+01 3.70697635e+01
-6.28630842e-02 -1.74266449e-02 -8.96198282e+01 -2.48171845e+01
-7.88403566e-03 -2.35457806e-02 -8.37330530e+00 -2.49991609e+01
-7.48804588e-02 9.32755355e-02 -1.82014615e+02 2.26724166e+02
-4.81871815e-02 1.23699460e-01 -1.33109578e+02 3.41702009e+02
-1.14493753e-02 6.24195626e-02 -1.60723647e+01 8.75497454e+01
-3.01682451e-02 -4.56492910e-03 -3.29780704e+01 -4.99722105e+00
-7.51016070e-02 9.46241629e-02 -1.84705678e+02 2.32699484e+02
-6.26183405e-02 8.61653018e-02 -1.33666968e+02 1.83930068e+02
-8.89067863e-02 1.80861692e-04 -1.59197389e+02 3.33729213e-01
2.70688594e-02 1.20547840e-01 6.83737302e+01 3.04544431e+02
-8.76812400e-02 5.99357497e-02 -1.86594416e+02 1.27543446e+02
-8.33856568e-02 1.10990487e-01 -2.44096268e+02 3.24890140e+02
-6.66152207e-02 8.60389065e-02 -1.45498298e+02 1.87909805e+02
-3.51186476e-02 -4.10488366e-02 -4.53671776e+01 -5.30458992e+01
-2.59528999e-02 1.03726921e-01 -5.56240346e+01 2.22303697e+02
-7.01862157e-02 -1.21260819e-02 -1.05803566e+02 -1.82805826e+01
-1.12741464e-02 4.10463639e-02 -1.33152506e+01 4.84879404e+01
-7.55600869e-02 7.14213711e-02 -1.57242887e+02 1.48603190e+02
1.81277580e-03 -1.28563802e-02 1.84022861e+00 -1.30953376e+01
-3.93038495e-03 7.11142904e-03 -3.97437996e+00 7.15860496e+00
-9.86542041e-03 1.84578808e-02 -1.02926740e+01 1.92752596e+01
2.42578946e-02 -1.91507865e-02 2.65768101e+01 -2.09934140e+01
-8.14042438e-02 5.76117037e-02 -1.62379457e+02 1.14899228e+02
-5.78205535e-02 -4.90626521e-02 -9.10585074e+01 -7.72673428e+01
-4.26403218e-02 4.39607237e-02 -5.86279205e+01 6.04607265e+01
-8.67830560e-02 6.79449709e-03 -1.52536400e+02 1.19403622e+01
-2.29154885e-02 -9.58625584e-03 -2.43385303e+01 -1.01857900e+01
-8.22194361e-02 3.74272222e-02 -1.49316760e+02 6.79800927e+01
-1.36360938e-02 -4.60007797e-03 -1.39145238e+01 -4.69838277e+00
4.83660054e-02 -4.64467503e-02 7.00935671e+01 -6.73407709e+01
-1.48951011e-02 7.33045637e-02 -2.32416615e+01 1.14317581e+02
-8.06160559e-03 -4.33406461e-02 -9.62541717e+00 -5.17556101e+01
-7.67638030e-02 6.02749971e-02 -1.49878301e+02 1.17683615e+02
7.75093242e-03 6.17704269e-02 1.07561607e+01 8.56937334e+01
4.01651391e-02 -1.29361594e-02 4.73229400e+01 -1.52357322e+01
3.72386917e-03 -9.26086627e-03 3.76141265e+00 -9.36404257e+00
