1.0 
60 2 3 3
-1.51080777e-02 6.90628722e-03 8.33767677e-04 -1.63534004e+00 5.80726434e-02 6.41359752e-02
-4.31137275e-03 0.00000000e+00 -4.25797149e-03 -5.80377100e-01 -2.48733043e-01 -3.27536268e-01
-1.39748104e-02 6.90628722e-03 -3.17101227e-03 -1.48278483e+00 1.23453450e-01 -2.43924021e-01
-5.01859199e-03 1.36264043e-03 1.16196584e-03 -5.96965820e-01 -1.06101788e-01 8.93819876e-02
-1.23813865e-02 5.72601606e-03 7.67055450e-04 -1.33637802e+00 5.64990974e-02 5.90042654e-02
-4.43443488e-03 1.36264043e-03 -3.40501282e-03 -5.18329287e-01 -7.24004165e-02 -2.61924063e-01
-1.11670731e-02 5.72601606e-03 -3.27144896e-03 -1.17291276e+00 1.26555637e-01 -2.51649920e-01
-3.61365734e-03 8.92195133e-04 2.89480556e-04 -4.34981077e-01 -8.83770404e-02 2.22677350e-02
-9.10938946e-03 4.09750902e-03 5.96455856e-05 -9.89869214e-01 2.60460533e-02 4.58812197e-03
-3.16707499e-03 8.92195133e-04 -3.09382612e-03 -3.74864222e-01 -6.26126738e-02 -2.37986625e-01
-7.80499793e-03 4.09750902e-03 -2.74981586e-03 -8.14278047e-01 1.01299411e-01 -2.11524297e-01
-2.47514498e-03 5.87665531e-04 -2.95480767e-04 -2.99288813e-01 -6.36880042e-02 -2.27292898e-02
-5.72857619e-03 2.45847093e-03 -5.03846192e-04 -6.29319626e-01 4.53229454e-04 -3.87573994e-02
-2.03189459e-03 5.87665531e-04 -2.53820190e-03 -2.39620491e-01 -3.81158663e-02 -1.95246300e-01
-4.42704746e-03 2.45847093e-03 -2.18041987e-03 -4.54113835e-01 7.55414257e-02 -1.67724606e-01
-1.34128126e-03 2.85592960e-04 -8.42441056e-04 -1.64080576e-01 -3.89364052e-02 -6.48031581e-02
-2.37040377e-03 8.41256860e-04 -1.03932236e-03 -2.70558765e-01 -2.35079478e-02 -7.99478742e-02
-8.88016759e-04 2.85592960e-04 -1.96974136e-03 -1.03064201e-01 -1.27865299e-02 -1.51518566e-01
-1.05152171e-03 8.41256860e-04 -1.68073309e-03 -9.30169505e-02 5.25814014e-02 -1.29287161e-01
-2.88890223e-04 1.76925444e-04 -1.42507986e-03 -2.86818314e-02 7.15014304e-03 -1.09621527e-01
-4.31137275e-03 0.00000000e+00 -4.25797149e-03 -5.80377100e-01 -2.48733043e-01 -3.27536268e-01
4.50369271e-03 -2.87715836e-03 1.52647777e-03 4.40276421e-01 -1.27481353e-01 1.17421367e-01
-5.01859199e-03 2.90042213e-03 -4.27967196e-05 -5.08247644e-01 1.00907288e-01 -3.29205535e-03
4.49943959e-03 -2.87715836e-03 -4.71464237e-03 4.39703885e-01 -1.27726726e-01 -3.62664798e-01
-4.43443488e-03 2.90042213e-03 -4.60977538e-03 -4.29611111e-01 1.34608659e-01 -3.54598106e-01
4.10011778e-03 -2.28042166e-03 -4.20808785e-04 4.20376144e-01 -7.04345829e-02 -3.23699065e-02
-3.61365734e-03 2.03141375e-03 -6.31548562e-04 -3.69256926e-01 6.49793117e-02 -4.85806586e-02
3.68654041e-03 -2.28042166e-03 -4.28519838e-03 3.64702266e-01 -9.42948160e-02 -3.29630645e-01
-3.16707499e-03 2.03141375e-03 -4.01485524e-03 -3.09140071e-01 9.07436784e-02 -3.08835018e-01
3.04098679e-03 -1.67856410e-03 -9.33265553e-04 3.12523369e-01 -5.05190063e-02 -7.17896580e-02
-2.47514498e-03 1.34282902e-03 -1.20963806e-03 -2.55721688e-01 3.79686188e-02 -9.30490813e-02
2.59705919e-03 -1.67856410e-03 -3.73317305e-03 2.52763886e-01 -7.61302136e-02 -2.87167158e-01
-2.03189459e-03 1.34282902e-03 -3.45235919e-03 -1.96053367e-01 6.35407567e-02 -2.65566091e-01
1.91401502e-03 -1.01059198e-03 -1.49091048e-03 1.99352485e-01 -2.56172845e-02 -1.14685421e-01
-1.34128126e-03 6.65174717e-04 -1.77725141e-03 -1.42181629e-01 1.21611390e-02 -1.36711647e-01
1.47091706e-03 -1.01059198e-03 -3.17602582e-03 1.39704683e-01 -5.11806283e-02 -2.44309678e-01
-8.88016759e-04 6.65174717e-04 -2.90455171e-03 -8.11652531e-02 3.83110143e-02 -2.23427055e-01
7.79662755e-04 -3.18561766e-04 -2.06915100e-03 8.65760383e-02 2.09722892e-03 -1.59165462e-01
-2.88890223e-04 1.51971586e-04 -2.32598458e-03 -3.01214770e-02 3.79096986e-03 -1.78921891e-01
3.28406925e-04 -3.18561766e-04 -2.57251415e-03 2.58300611e-02 -2.39367613e-02 -1.97885703e-01
4.50369271e-03 -7.75663898e-04 1.53524939e-03 5.61516486e-01 1.55412132e-01 1.18096107e-01
1.33290956e-02 0.00000000e+00 -6.41041764e-03 1.79430133e+00 7.68986286e-01 -4.93109050e-01
4.49943959e-03 -7.75663898e-04 -4.70587075e-03 5.60943950e-01 1.55166759e-01 -3.61990058e-01
1.46363997e-02 -6.63752485e-03 4.41490480e-04 1.58735045e+00 -4.91052829e-02 3.39608061e-02
4.10011778e-03 -9.79214004e-04 4.32151031e-04 4.95445816e-01 1.04727987e-01 3.32423870e-02
1.30106272e-02 -6.63752485e-03 -3.79447529e-03 1.36849646e+00 -1.42899853e-01 -2.91882714e-01
3.68654041e-03 -9.79214004e-04 -3.43223856e-03 4.39771939e-01 8.08677537e-02 -2.64018351e-01
1.08168147e-02 -4.91284050e-03 3.00088121e-04 1.17267656e+00 -3.72969144e-02 2.30837016e-02
3.04098679e-03 -7.35786204e-04 -1.77116035e-05 3.66914402e-01 7.63934025e-02 -1.36243104e-03
9.49273996e-03 -4.91284050e-03 -3.03085286e-03 9.94435735e-01 -1.13685839e-01 -2.33142527e-01
2.59705919e-03 -7.35786204e-04 -2.81761910e-03 3.07154918e-01 5.07821952e-02 -2.16739931e-01
7.41661773e-03 -3.27636580e-03 -2.25138957e-04 8.09369744e-01 -1.31674507e-02 -1.73183813e-02
1.91401502e-03 -4.43184130e-04 -5.77067558e-04 2.32087553e-01 5.07645415e-02 -4.43898121e-02
6.11055380e-03 -3.27636580e-03 -2.46848048e-03 6.33553446e-01 -8.85172929e-02 -1.89883114e-01
1.47091706e-03 -4.43184130e-04 -2.26218290e-03 1.72439751e-01 2.52011976e-02 -1.74014069e-01
4.03024560e-03 -1.63455855e-03 -7.92544731e-04 4.48231607e-01 1.24774412e-02 -6.09649793e-02
7.79662755e-04 -1.49070579e-04 -1.13848333e-03 9.63543760e-02 2.49133503e-02 -8.75756409e-02
2.72004021e-03 -1.63455855e-03 -1.90961602e-03 2.71857805e-01 -6.31113312e-02 -1.46893540e-01
3.28406925e-04 -1.49070579e-04 -1.64184648e-03 3.56083988e-02 -1.12063993e-03 -1.26295883e-01
9.02690332e-04 -5.39659592e-04 -1.38470763e-03 9.03817990e-02 -2.05681952e-02 -1.06515972e-01
